8.800000e-01 2.593940e-01 0
8.800000e-01 2.593940e-01 0
8.800000e-01 2.593940e-01 0
8.800000e-01 2.593940e-01 0
8.800000e-01 2.593940e-01 0
8.800000e-01 2.593940e-01 0
8.800000e-01 2.593940e-01 0
8.800000e-01 2.593940e-01 0
8.800000e-01 2.593940e-01 0
8.800000e-01 2.593940e-01 0
8.800000e-01 2.593940e-01 0
8.800000e-01 2.593940e-01 0
8.800000e-01 2.593940e-01 0
8.800000e-01 2.593940e-01 0
8.800000e-01 2.593940e-01 0
8.800000e-01 2.593940e-01 0
8.800000e-01 2.593940e-01 0
8.800000e-01 2.593940e-01 0
8.800000e-01 2.593940e-01 0
8.800000e-01 2.593940e-01 0
8.800000e-01 2.593940e-01 0
8.800000e-01 2.593940e-01 0
8.800000e-01 2.593940e-01 0
8.800000e-01 2.593940e-01 0
8.800000e-01 2.593940e-01 0
8.800000e-01 2.593940e-01 0
8.800000e-01 2.593940e-01 0
8.800000e-01 2.593940e-01 0
8.800000e-01 2.593940e-01 0
8.800000e-01 2.593940e-01 0
8.800000e-01 2.593940e-01 0
8.800000e-01 2.593940e-01 0
8.800000e-01 2.593940e-01 0
8.800000e-01 2.593940e-01 0
8.800000e-01 2.593940e-01 0
8.800000e-01 2.593940e-01 0
8.800000e-01 2.593940e-01 0
8.800000e-01 2.593940e-01 0
8.800000e-01 2.593940e-01 0
8.800000e-01 2.593940e-01 0
8.800000e-01 2.593940e-01 0
8.800000e-01 2.593940e-01 0
8.800000e-01 2.593940e-01 0
8.800000e-01 2.593940e-01 0
8.800000e-01 2.593940e-01 0
8.800000e-01 2.593940e-01 0
8.800000e-01 2.593940e-01 0
8.800000e-01 2.593940e-01 0
8.800000e-01 2.593940e-01 0
8.800000e-01 2.593940e-01 0
8.800000e-01 2.603940e-01 1.568000e-03
8.800000e-01 2.613940e-01 3.072000e-03
8.800000e-01 2.623940e-01 4.512000e-03
8.800000e-01 2.633940e-01 5.888000e-03
8.800000e-01 2.643940e-01 7.200000e-03
8.800000e-01 2.653940e-01 8.448000e-03
8.800000e-01 2.663940e-01 9.632000e-03
8.799999e-01 2.673940e-01 1.075200e-02
8.799999e-01 2.683940e-01 1.180800e-02
8.799999e-01 2.693940e-01 1.280000e-02
8.799999e-01 2.703940e-01 1.372800e-02
8.799999e-01 2.713940e-01 1.459200e-02
8.799999e-01 2.723940e-01 1.539200e-02
8.799999e-01 2.733940e-01 1.612800e-02
8.799999e-01 2.743940e-01 1.680000e-02
8.799999e-01 2.753940e-01 1.740800e-02
8.799999e-01 2.763940e-01 1.795200e-02
8.799999e-01 2.773940e-01 1.843200e-02
8.799999e-01 2.783940e-01 1.884800e-02
8.799999e-01 2.793940e-01 1.920000e-02
8.799999e-01 2.803940e-01 1.948800e-02
8.799999e-01 2.813940e-01 1.971200e-02
8.799998e-01 2.823940e-01 1.987200e-02
8.799998e-01 2.833940e-01 1.996800e-02
8.799998e-01 2.843940e-01 2.000000e-02
8.799998e-01 2.853940e-01 1.996800e-02
8.799998e-01 2.863940e-01 1.987200e-02
8.799998e-01 2.873940e-01 1.971200e-02
8.799998e-01 2.883940e-01 1.948800e-02
8.799998e-01 2.893940e-01 1.920000e-02
8.799998e-01 2.903940e-01 1.884800e-02
8.799998e-01 2.913940e-01 1.843200e-02
8.799998e-01 2.923940e-01 1.795200e-02
8.799998e-01 2.933940e-01 1.740800e-02
8.799998e-01 2.943940e-01 1.680000e-02
8.799998e-01 2.953940e-01 1.612800e-02
8.799998e-01 2.963940e-01 1.539200e-02
8.799997e-01 2.973940e-01 1.459200e-02
8.799997e-01 2.983940e-01 1.372800e-02
8.799997e-01 2.993940e-01 1.280000e-02
8.799997e-01 3.003940e-01 1.180800e-02
8.799997e-01 3.013940e-01 1.075200e-02
8.799997e-01 3.023940e-01 9.632000e-03
8.799997e-01 3.033940e-01 8.448000e-03
8.799997e-01 3.043940e-01 7.200000e-03
8.799997e-01 3.053940e-01 5.888000e-03
8.799997e-01 3.063940e-01 4.512000e-03
8.799997e-01 3.073940e-01 3.072000e-03
8.799997e-01 3.083940e-01 1.568000e-03
8.799997e-01 3.093940e-01 0
8.799997e-01 3.093940e-01 0
8.799997e-01 3.093940e-01 0
8.799997e-01 3.093940e-01 0
8.799997e-01 3.093940e-01 0
8.799997e-01 3.093940e-01 0
8.799997e-01 3.093940e-01 0
8.799997e-01 3.093940e-01 0
8.799997e-01 3.093940e-01 0
8.799997e-01 3.093940e-01 0
8.799997e-01 3.093940e-01 0
8.799997e-01 3.093940e-01 0
8.799997e-01 3.093940e-01 0
8.799997e-01 3.093940e-01 0
8.799997e-01 3.093940e-01 0
8.799997e-01 3.093940e-01 0
8.799997e-01 3.093940e-01 0
8.799997e-01 3.093940e-01 0
8.799997e-01 3.093940e-01 0
8.799997e-01 3.093940e-01 0
8.799997e-01 3.093940e-01 0
8.799997e-01 3.093940e-01 0
8.799997e-01 3.093940e-01 0
8.799997e-01 3.093940e-01 0
8.799997e-01 3.093940e-01 0
8.799997e-01 3.093940e-01 0
8.799997e-01 3.093940e-01 0
8.799997e-01 3.093940e-01 0
8.799997e-01 3.093940e-01 0
8.799997e-01 3.093940e-01 0
8.799997e-01 3.093940e-01 0
8.799997e-01 3.093940e-01 0
8.799997e-01 3.093940e-01 0
8.799997e-01 3.093940e-01 0
8.799997e-01 3.093940e-01 0
8.799997e-01 3.093940e-01 0
8.799997e-01 3.093940e-01 0
8.799997e-01 3.093940e-01 0
8.799997e-01 3.093940e-01 0
8.799997e-01 3.093940e-01 0
8.799997e-01 3.093940e-01 0
8.799997e-01 3.093940e-01 0
8.799997e-01 3.093940e-01 0
8.799997e-01 3.093940e-01 0
8.799997e-01 3.093940e-01 0
8.799997e-01 3.093940e-01 0
8.799997e-01 3.093940e-01 0
8.799997e-01 3.093940e-01 0
8.799997e-01 3.093940e-01 0
8.799997e-01 3.093940e-01 0
8.799997e-01 3.093940e-01 0
8.799997e-01 3.093940e-01 0
8.799997e-01 3.093940e-01 0
8.799997e-01 3.093940e-01 0
8.799997e-01 3.093940e-01 0
8.799997e-01 3.093940e-01 0
8.799997e-01 3.093940e-01 0
8.799997e-01 3.093940e-01 0
8.799997e-01 3.093940e-01 0
8.799997e-01 3.093940e-01 0
8.799997e-01 3.093940e-01 0
8.799997e-01 3.093940e-01 0
8.799997e-01 3.093940e-01 0
8.799997e-01 3.093940e-01 0
8.799997e-01 3.093940e-01 0
8.799997e-01 3.093940e-01 0
8.799997e-01 3.093940e-01 0
8.799997e-01 3.093940e-01 0
8.799997e-01 3.093940e-01 0
8.799997e-01 3.093940e-01 0
8.799997e-01 3.093940e-01 0
8.799997e-01 3.093940e-01 0
8.799997e-01 3.093940e-01 0
8.799997e-01 3.093940e-01 0
8.799997e-01 3.093940e-01 0
8.799997e-01 3.093940e-01 0
8.799997e-01 3.093940e-01 0
8.799997e-01 3.093940e-01 0
8.799997e-01 3.093940e-01 0
8.799997e-01 3.093940e-01 0
8.799997e-01 3.093940e-01 0
8.799997e-01 3.093940e-01 0
8.799997e-01 3.093940e-01 0
8.799997e-01 3.093940e-01 0
8.799997e-01 3.093940e-01 0
8.799997e-01 3.093940e-01 0
8.799997e-01 3.093940e-01 0
8.799997e-01 3.093940e-01 0
8.799997e-01 3.093940e-01 0
8.799997e-01 3.093940e-01 0
8.799997e-01 3.093940e-01 0
8.799997e-01 3.093940e-01 0
8.799997e-01 3.093940e-01 0
8.799997e-01 3.093940e-01 0
8.799997e-01 3.093940e-01 0
8.799997e-01 3.093940e-01 0
8.799997e-01 3.093940e-01 0
8.799997e-01 3.093940e-01 0
8.799997e-01 3.093940e-01 0
8.799997e-01 3.093940e-01 0
8.799997e-01 3.093940e-01 0
8.799997e-01 3.093940e-01 0
8.799997e-01 3.093940e-01 0
8.799997e-01 3.093940e-01 0
8.799997e-01 3.093940e-01 0
8.799997e-01 3.093940e-01 0
8.799997e-01 3.093940e-01 0
8.799997e-01 3.093940e-01 0
8.799997e-01 3.093940e-01 0
8.799997e-01 3.093940e-01 0
8.799997e-01 3.093940e-01 0
8.799997e-01 3.093940e-01 0
8.799997e-01 3.093940e-01 0
8.799997e-01 3.093940e-01 0
8.799997e-01 3.093940e-01 0
8.799997e-01 3.093940e-01 0
8.799997e-01 3.093940e-01 0
8.799997e-01 3.093940e-01 0
8.799997e-01 3.093940e-01 0
8.799997e-01 3.093940e-01 0
8.799997e-01 3.093940e-01 0
8.799997e-01 3.093940e-01 0
8.799997e-01 3.093940e-01 0
8.799997e-01 3.093940e-01 0
8.799997e-01 3.093940e-01 0
8.799997e-01 3.093940e-01 0
8.799997e-01 3.093940e-01 0
8.799997e-01 3.093940e-01 0
8.799997e-01 3.093940e-01 0
8.799997e-01 3.093940e-01 0
8.799997e-01 3.093940e-01 0
8.799997e-01 3.093940e-01 0
8.799997e-01 3.093940e-01 0
8.799997e-01 3.093940e-01 0
8.799997e-01 3.093940e-01 0
8.799997e-01 3.093940e-01 0
8.799997e-01 3.093940e-01 0
8.799997e-01 3.093940e-01 0
8.799997e-01 3.093940e-01 0
8.799997e-01 3.093940e-01 0
8.799997e-01 3.093940e-01 0
8.799997e-01 3.093940e-01 0
8.799997e-01 3.093940e-01 0
8.799997e-01 3.093940e-01 0
8.799997e-01 3.093940e-01 0
8.799997e-01 3.093940e-01 0
8.799997e-01 3.093940e-01 0
8.799997e-01 3.093940e-01 0
8.799997e-01 3.093940e-01 0
8.799997e-01 3.093940e-01 0
8.799997e-01 3.093940e-01 0
8.799997e-01 3.093940e-01 0
8.799997e-01 3.093940e-01 0
8.799997e-01 3.093940e-01 0
8.799997e-01 3.093940e-01 0
8.799997e-01 3.093940e-01 0
8.799997e-01 3.093940e-01 0
8.799997e-01 3.093940e-01 0
8.799997e-01 3.093940e-01 0
8.799997e-01 3.093940e-01 0
8.799997e-01 3.093940e-01 0
8.799997e-01 3.093940e-01 0
8.799997e-01 3.093940e-01 0
8.799997e-01 3.093940e-01 0
8.799997e-01 3.093940e-01 0
8.799997e-01 3.093940e-01 0
8.799997e-01 3.093940e-01 0
8.799997e-01 3.093940e-01 0
8.799997e-01 3.093940e-01 0
8.799997e-01 3.093940e-01 0
8.799997e-01 3.093940e-01 0
8.799997e-01 3.093940e-01 0
8.799997e-01 3.093940e-01 0
8.799997e-01 3.093940e-01 0
8.799997e-01 3.093940e-01 0
8.799997e-01 3.093940e-01 0
8.799997e-01 3.093940e-01 0
8.799997e-01 3.093940e-01 0
8.799997e-01 3.093940e-01 0
8.799997e-01 3.093940e-01 0
8.799997e-01 3.093940e-01 0
8.799997e-01 3.093940e-01 0
8.799997e-01 3.093940e-01 0
8.799997e-01 3.093940e-01 0
8.799997e-01 3.093940e-01 0
8.799997e-01 3.093940e-01 0
8.799997e-01 3.093940e-01 0
8.799997e-01 3.093940e-01 0
8.799997e-01 3.093940e-01 0
8.799997e-01 3.093940e-01 0
8.799997e-01 3.093940e-01 0
8.799997e-01 3.093940e-01 0
8.799997e-01 3.093940e-01 0
8.799997e-01 3.093940e-01 0
8.799997e-01 3.093940e-01 0
8.799997e-01 3.093940e-01 0
8.799997e-01 3.093940e-01 0
8.799997e-01 3.093940e-01 0
8.799997e-01 3.093940e-01 0
8.799997e-01 3.093940e-01 0
8.799997e-01 3.093940e-01 0
8.799997e-01 3.093940e-01 0
8.799997e-01 3.093940e-01 0
8.799997e-01 3.093940e-01 0
8.799997e-01 3.093940e-01 0
8.799997e-01 3.093940e-01 0
8.799997e-01 3.093940e-01 0
8.799997e-01 3.093940e-01 0
8.799997e-01 3.093940e-01 0
8.799997e-01 3.093940e-01 0
8.799997e-01 3.093940e-01 0
8.799997e-01 3.093940e-01 0
8.799997e-01 3.093940e-01 0
8.799997e-01 3.093940e-01 0
8.799997e-01 3.093940e-01 0
8.799997e-01 3.093940e-01 0
8.799997e-01 3.093940e-01 0
8.799997e-01 3.093940e-01 0
8.799997e-01 3.093940e-01 0
8.799997e-01 3.093940e-01 0
8.799997e-01 3.093940e-01 0
8.799997e-01 3.093940e-01 0
8.799997e-01 3.093940e-01 0
8.799997e-01 3.093940e-01 0
8.799997e-01 3.093940e-01 0
8.799997e-01 3.093940e-01 0
8.799997e-01 3.093940e-01 0
8.799997e-01 3.093940e-01 0
8.799997e-01 3.093940e-01 0
8.799997e-01 3.093940e-01 0
8.799997e-01 3.093940e-01 0
8.799997e-01 3.093940e-01 0
8.799997e-01 3.093940e-01 0
8.799997e-01 3.093940e-01 0
8.799997e-01 3.093940e-01 0
8.799997e-01 3.093940e-01 0
8.799997e-01 3.093940e-01 0
8.799997e-01 3.093940e-01 0
8.799997e-01 3.093940e-01 0
8.799997e-01 3.093940e-01 0
8.799997e-01 3.093940e-01 0
8.799997e-01 3.093940e-01 0
8.799997e-01 3.093940e-01 0
8.799997e-01 3.093940e-01 0
8.799997e-01 3.093940e-01 0
8.799997e-01 3.093940e-01 0
8.799997e-01 3.093940e-01 0
8.799997e-01 3.093940e-01 0
8.799997e-01 3.093940e-01 0
8.799997e-01 3.093940e-01 0
8.799997e-01 3.093940e-01 0
8.799997e-01 3.093940e-01 0
8.799997e-01 3.093940e-01 0
8.799997e-01 3.093940e-01 0
8.799997e-01 3.093940e-01 0
8.799997e-01 3.093940e-01 0
8.799997e-01 3.093940e-01 0
8.799997e-01 3.093940e-01 0
8.799997e-01 3.093940e-01 0
8.799997e-01 3.093940e-01 0
8.799997e-01 3.093940e-01 0
8.799997e-01 3.093940e-01 0
8.799997e-01 3.093940e-01 0
8.799997e-01 3.093940e-01 0
8.799997e-01 3.093940e-01 0
8.799997e-01 3.093940e-01 0
8.799997e-01 3.093940e-01 0
8.799997e-01 3.093940e-01 0
8.799997e-01 3.093940e-01 0
8.799997e-01 3.093940e-01 0
8.799997e-01 3.093940e-01 0
8.799997e-01 3.093940e-01 0
8.799997e-01 3.093940e-01 0
8.799997e-01 3.093940e-01 0
8.799997e-01 3.093940e-01 0
8.799997e-01 3.093940e-01 0
8.799997e-01 3.093940e-01 0
8.799997e-01 3.093940e-01 0
8.799997e-01 3.093940e-01 0
8.799997e-01 3.093940e-01 0
8.799997e-01 3.093940e-01 0
8.799997e-01 3.093940e-01 0
8.799997e-01 3.093940e-01 0
8.799997e-01 3.093940e-01 0
8.799997e-01 3.093940e-01 0
8.799997e-01 3.093940e-01 0
8.799997e-01 3.093940e-01 0
8.799997e-01 3.093940e-01 0
8.799997e-01 3.093940e-01 0
8.799997e-01 3.093940e-01 0
8.799997e-01 3.093940e-01 0
8.799997e-01 3.093940e-01 0
8.799997e-01 3.093940e-01 0
8.799997e-01 3.093940e-01 0
8.799997e-01 3.093940e-01 0
8.799997e-01 3.093940e-01 0
8.799997e-01 3.093940e-01 0
8.799997e-01 3.093940e-01 0
8.799997e-01 3.093940e-01 0
8.799997e-01 3.093940e-01 0
8.799997e-01 3.093940e-01 0
8.799997e-01 3.093940e-01 0
8.799997e-01 3.093940e-01 0
8.799997e-01 3.093940e-01 0
8.799997e-01 3.093940e-01 0
8.799997e-01 3.093940e-01 0
8.799997e-01 3.093940e-01 0
8.799997e-01 3.093940e-01 0
8.799997e-01 3.093940e-01 0
8.799997e-01 3.093940e-01 0
8.799997e-01 3.093940e-01 0
8.799997e-01 3.093940e-01 0
8.799997e-01 3.093940e-01 0
8.799997e-01 3.093940e-01 0
8.799997e-01 3.093940e-01 0
8.799997e-01 3.093940e-01 0
8.799997e-01 3.093940e-01 0
8.799997e-01 3.093940e-01 0
8.799997e-01 3.093940e-01 0
8.799997e-01 3.093940e-01 0
8.799997e-01 3.093940e-01 0
8.799997e-01 3.093940e-01 0
8.799997e-01 3.093940e-01 0
8.799997e-01 3.093940e-01 0
8.799997e-01 3.093940e-01 0
8.799997e-01 3.093940e-01 0
8.799997e-01 3.093940e-01 0
8.799997e-01 3.093940e-01 0
8.799997e-01 3.093940e-01 0
8.799997e-01 3.093940e-01 0
8.799997e-01 3.093940e-01 0
8.799997e-01 3.093940e-01 0
8.799997e-01 3.093940e-01 0
8.799997e-01 3.093940e-01 0
8.799997e-01 3.093940e-01 0
8.799997e-01 3.093940e-01 0
8.799997e-01 3.093940e-01 0
8.799997e-01 3.093940e-01 0
8.799997e-01 3.093940e-01 0
8.799997e-01 3.093940e-01 0
8.799997e-01 3.093940e-01 0
8.799997e-01 3.093940e-01 0
8.799997e-01 3.093940e-01 0
8.799997e-01 3.093940e-01 0
8.799997e-01 3.093940e-01 0
8.799997e-01 3.093940e-01 0
8.799997e-01 3.093940e-01 0
8.799997e-01 3.093940e-01 0
8.799997e-01 3.093940e-01 0
8.799997e-01 3.093940e-01 0
8.799997e-01 3.093940e-01 0
8.799997e-01 3.113940e-01 1.568000e-03
8.799997e-01 3.133940e-01 3.072000e-03
8.799997e-01 3.153940e-01 4.512000e-03
8.799997e-01 3.173940e-01 5.888000e-03
8.799997e-01 3.193940e-01 7.200000e-03
8.799997e-01 3.213940e-01 8.448000e-03
8.799997e-01 3.233940e-01 9.632000e-03
8.799997e-01 3.253940e-01 1.075200e-02
8.799997e-01 3.273940e-01 1.180800e-02
8.799997e-01 3.293940e-01 1.280000e-02
8.799997e-01 3.313940e-01 1.372800e-02
8.799997e-01 3.333940e-01 1.459200e-02
8.799998e-01 3.353940e-01 1.539200e-02
8.799998e-01 3.373940e-01 1.612800e-02
8.799998e-01 3.393940e-01 1.680000e-02
8.799998e-01 3.413940e-01 1.740800e-02
8.799998e-01 3.433940e-01 1.795200e-02
8.799998e-01 3.453940e-01 1.843200e-02
8.799998e-01 3.473940e-01 1.884800e-02
8.799998e-01 3.493940e-01 1.920000e-02
8.799998e-01 3.513940e-01 1.948800e-02
8.799998e-01 3.533940e-01 1.971200e-02
8.799998e-01 3.553940e-01 1.987200e-02
8.799998e-01 3.573940e-01 1.996800e-02
8.799998e-01 3.593940e-01 2.000000e-02
8.799998e-01 3.613940e-01 1.996800e-02
8.799998e-01 3.633940e-01 1.987200e-02
8.799999e-01 3.653940e-01 1.971200e-02
8.799999e-01 3.673940e-01 1.948800e-02
8.799999e-01 3.693940e-01 1.920000e-02
8.799999e-01 3.713940e-01 1.884800e-02
8.799999e-01 3.733940e-01 1.843200e-02
8.799999e-01 3.753940e-01 1.795200e-02
8.799999e-01 3.773940e-01 1.740800e-02
8.799999e-01 3.793940e-01 1.680000e-02
8.799999e-01 3.813940e-01 1.612800e-02
8.799999e-01 3.833940e-01 1.539200e-02
8.799999e-01 3.853940e-01 1.459200e-02
8.799999e-01 3.873940e-01 1.372800e-02
8.799999e-01 3.893940e-01 1.280000e-02
8.799999e-01 3.913940e-01 1.180800e-02
8.799999e-01 3.933940e-01 1.075200e-02
8.800000e-01 3.953940e-01 9.632000e-03
8.800000e-01 3.973940e-01 8.448000e-03
8.800000e-01 3.993940e-01 7.200000e-03
8.800000e-01 4.013940e-01 5.888000e-03
8.800000e-01 4.033940e-01 4.512000e-03
8.800000e-01 4.053940e-01 3.072000e-03
8.800000e-01 4.073940e-01 1.568000e-03
8.800000e-01 4.093940e-01 0
8.800000e-01 4.093940e-01 0
8.800000e-01 4.093940e-01 0
8.800000e-01 4.093940e-01 0
8.800000e-01 4.093940e-01 0
8.800000e-01 4.093940e-01 0
8.800000e-01 4.093940e-01 0
8.800000e-01 4.093940e-01 0
8.800000e-01 4.093940e-01 0
8.800000e-01 4.093940e-01 0
8.800000e-01 4.093940e-01 0
8.800000e-01 4.093940e-01 0
8.800000e-01 4.093940e-01 0
8.800000e-01 4.093940e-01 0
8.800000e-01 4.093940e-01 0
8.800000e-01 4.093940e-01 0
8.800000e-01 4.093940e-01 0
8.800000e-01 4.093940e-01 0
8.800000e-01 4.093940e-01 0
8.800000e-01 4.093940e-01 0
8.800000e-01 4.093940e-01 0
8.800000e-01 4.093940e-01 0
8.800000e-01 4.093940e-01 0
8.800000e-01 4.093940e-01 0
8.800000e-01 4.093940e-01 0
8.800000e-01 4.093940e-01 0
8.800000e-01 4.093940e-01 0
8.800000e-01 4.093940e-01 0
8.800000e-01 4.093940e-01 0
8.800000e-01 4.093940e-01 0
8.800000e-01 4.093940e-01 0
8.800000e-01 4.093940e-01 0
8.800000e-01 4.093940e-01 0
8.800000e-01 4.093940e-01 0
8.800000e-01 4.093940e-01 0
8.800000e-01 4.093940e-01 0
8.800000e-01 4.093940e-01 0
8.800000e-01 4.093940e-01 0
8.800000e-01 4.093940e-01 0
8.800000e-01 4.093940e-01 0
8.800000e-01 4.093940e-01 0
8.800000e-01 4.093940e-01 0
8.800000e-01 4.093940e-01 0
8.800000e-01 4.093940e-01 0
8.800000e-01 4.093940e-01 0
8.800000e-01 4.093940e-01 0
8.800000e-01 4.093940e-01 0
8.800000e-01 4.093940e-01 0
8.800000e-01 4.093940e-01 0
8.800000e-01 4.093940e-01 0
8.800000e-01 4.093940e-01 0
8.800000e-01 4.093940e-01 0
8.800000e-01 4.093940e-01 0
8.800000e-01 4.093940e-01 0
8.800000e-01 4.093940e-01 0
8.800000e-01 4.093940e-01 0
8.800000e-01 4.093940e-01 0
8.800000e-01 4.093940e-01 0
8.800000e-01 4.093940e-01 0
8.800000e-01 4.093940e-01 0
8.800000e-01 4.093940e-01 0
8.800000e-01 4.093940e-01 0
8.800000e-01 4.093940e-01 0
8.800000e-01 4.093940e-01 0
8.800000e-01 4.093940e-01 0
8.800000e-01 4.093940e-01 0
8.800000e-01 4.093940e-01 0
8.800000e-01 4.093940e-01 0
8.800000e-01 4.093940e-01 0
8.800000e-01 4.093940e-01 0
8.800000e-01 4.093940e-01 0
8.800000e-01 4.093940e-01 0
8.800000e-01 4.093940e-01 0
8.800000e-01 4.093940e-01 0
8.800000e-01 4.093940e-01 0
8.800000e-01 4.093940e-01 0
8.800000e-01 4.093940e-01 0
8.800000e-01 4.093940e-01 0
8.800000e-01 4.093940e-01 0
8.800000e-01 4.093940e-01 0
8.800000e-01 4.093940e-01 0
8.800000e-01 4.093940e-01 0
8.800000e-01 4.093940e-01 0
8.800000e-01 4.093940e-01 0
8.800000e-01 4.093940e-01 0
8.800000e-01 4.093940e-01 0
8.800000e-01 4.093940e-01 0
8.800000e-01 4.093940e-01 0
8.800000e-01 4.093940e-01 0
8.800000e-01 4.093940e-01 0
8.800000e-01 4.093940e-01 0
8.800000e-01 4.093940e-01 0
8.800000e-01 4.093940e-01 0
8.800000e-01 4.093940e-01 0
8.800000e-01 4.093940e-01 0
8.800000e-01 4.093940e-01 0
8.800000e-01 4.093940e-01 0
8.800000e-01 4.093940e-01 0
8.800000e-01 4.093940e-01 0
8.800000e-01 4.093940e-01 0
8.800000e-01 4.093940e-01 0
8.800000e-01 4.093940e-01 0
8.800000e-01 4.093940e-01 0
8.800000e-01 4.093940e-01 0
8.800000e-01 4.093940e-01 0
8.800000e-01 4.093940e-01 0
8.800000e-01 4.093940e-01 0
8.800000e-01 4.093940e-01 0
8.800000e-01 4.093940e-01 0
8.800000e-01 4.093940e-01 0
8.800000e-01 4.093940e-01 0
8.800000e-01 4.093940e-01 0
8.800000e-01 4.093940e-01 0
8.800000e-01 4.093940e-01 0
8.800000e-01 4.093940e-01 0
8.800000e-01 4.093940e-01 0
8.800000e-01 4.093940e-01 0
8.800000e-01 4.093940e-01 0
8.800000e-01 4.093940e-01 0
8.800000e-01 4.093940e-01 0
8.800000e-01 4.093940e-01 0
8.800000e-01 4.093940e-01 0
8.800000e-01 4.093940e-01 0
8.800000e-01 4.093940e-01 0
8.800000e-01 4.093940e-01 0
8.800000e-01 4.093940e-01 0
8.800000e-01 4.093940e-01 0
8.800000e-01 4.093940e-01 0
8.800000e-01 4.093940e-01 0
8.800000e-01 4.093940e-01 0
8.800000e-01 4.093940e-01 0
8.800000e-01 4.093940e-01 0
8.800000e-01 4.093940e-01 0
8.800000e-01 4.093940e-01 0
8.800000e-01 4.093940e-01 0
8.800000e-01 4.093940e-01 0
8.800000e-01 4.093940e-01 0
8.800000e-01 4.093940e-01 0
8.800000e-01 4.093940e-01 0
8.800000e-01 4.093940e-01 0
8.800000e-01 4.093940e-01 0
8.800000e-01 4.093940e-01 0
8.800000e-01 4.093940e-01 0
8.800000e-01 4.093940e-01 0
8.800000e-01 4.093940e-01 0
8.800000e-01 4.093940e-01 0
8.800000e-01 4.093940e-01 0
8.800000e-01 4.093940e-01 0
8.800000e-01 4.093940e-01 0
8.800000e-01 4.093940e-01 0
8.800000e-01 4.093940e-01 0
8.800000e-01 4.093940e-01 0
8.800000e-01 4.093940e-01 0
8.800000e-01 4.093940e-01 0
8.800000e-01 4.093940e-01 0
8.800000e-01 4.093940e-01 0
8.800000e-01 4.093940e-01 0
8.800000e-01 4.093940e-01 0
8.800000e-01 4.093940e-01 0
8.800000e-01 4.093940e-01 0
8.800000e-01 4.093940e-01 0
8.800000e-01 4.093940e-01 0
8.800000e-01 4.093940e-01 0
8.800000e-01 4.093940e-01 0
8.800000e-01 4.093940e-01 0
8.800000e-01 4.093940e-01 0
8.800000e-01 4.093940e-01 0
8.800000e-01 4.093940e-01 0
8.800000e-01 4.093940e-01 0
8.800000e-01 4.093940e-01 0
8.800000e-01 4.093940e-01 0
8.800000e-01 4.093940e-01 0
8.800000e-01 4.093940e-01 0
8.800000e-01 4.093940e-01 0
8.800000e-01 4.093940e-01 0
8.800000e-01 4.093940e-01 0
8.800000e-01 4.093940e-01 0
8.800000e-01 4.093940e-01 0
8.800000e-01 4.093940e-01 0
8.800000e-01 4.093940e-01 0
8.800000e-01 4.093940e-01 0
8.800000e-01 4.093940e-01 0
8.800000e-01 4.093940e-01 0
8.800000e-01 4.093940e-01 0
8.800000e-01 4.093940e-01 0
8.800000e-01 4.093940e-01 0
8.800000e-01 4.093940e-01 0
8.800000e-01 4.093940e-01 0
8.800000e-01 4.093940e-01 0
8.800000e-01 4.093940e-01 0
8.800000e-01 4.093940e-01 0
8.800000e-01 4.093940e-01 0
8.800000e-01 4.093940e-01 0
8.800000e-01 4.093940e-01 0
8.800000e-01 4.093940e-01 0
8.800000e-01 4.093940e-01 0
8.800000e-01 4.093940e-01 0
8.800000e-01 4.093940e-01 0
8.800000e-01 4.093940e-01 0
8.800000e-01 4.093940e-01 0
8.800000e-01 4.093940e-01 0
8.800000e-01 4.093940e-01 0
8.800000e-01 4.093940e-01 0
8.800000e-01 4.093940e-01 0
8.800000e-01 4.093940e-01 0
8.800000e-01 4.093940e-01 0
8.800000e-01 4.093940e-01 0
8.800000e-01 4.093940e-01 0
8.800000e-01 4.093940e-01 0
8.800000e-01 4.093940e-01 0
8.800000e-01 4.093940e-01 0
8.800000e-01 4.093940e-01 0
8.800000e-01 4.093940e-01 0
8.800000e-01 4.093940e-01 0
8.800000e-01 4.093940e-01 0
8.800000e-01 4.093940e-01 0
8.800000e-01 4.093940e-01 0
8.800000e-01 4.093940e-01 0
8.800000e-01 4.093940e-01 0
8.800000e-01 4.093940e-01 0
8.800000e-01 4.093940e-01 0
8.800000e-01 4.093940e-01 0
8.800000e-01 4.093940e-01 0
8.800000e-01 4.093940e-01 0
8.800000e-01 4.093940e-01 0
8.800000e-01 4.093940e-01 0
8.800000e-01 4.093940e-01 0
8.800000e-01 4.093940e-01 0
8.800000e-01 4.093940e-01 0
8.800000e-01 4.093940e-01 0
8.800000e-01 4.093940e-01 0
8.800000e-01 4.093940e-01 0
8.800000e-01 4.093940e-01 0
8.800000e-01 4.093940e-01 0
8.800000e-01 4.093940e-01 0
8.800000e-01 4.093940e-01 0
8.800000e-01 4.093940e-01 0
8.800000e-01 4.093940e-01 0
8.800000e-01 4.093940e-01 0
8.800000e-01 4.093940e-01 0
8.800000e-01 4.093940e-01 0
8.800000e-01 4.093940e-01 0
8.800000e-01 4.093940e-01 0
8.800000e-01 4.093940e-01 0
8.800000e-01 4.093940e-01 0
8.800000e-01 4.093940e-01 0
8.800000e-01 4.093940e-01 0
8.800000e-01 4.093940e-01 0
8.800000e-01 4.093940e-01 0
8.800000e-01 4.093940e-01 0
8.800000e-01 4.093940e-01 0
8.800000e-01 4.093940e-01 0
8.800000e-01 4.093940e-01 0
8.800000e-01 4.093940e-01 0
8.800000e-01 4.093940e-01 0
8.800000e-01 4.093940e-01 0
8.800000e-01 4.093940e-01 0
8.800000e-01 4.093940e-01 0
8.800000e-01 4.093940e-01 0
8.800000e-01 4.093940e-01 0
8.800000e-01 4.093940e-01 0
8.800000e-01 4.093940e-01 0
8.800000e-01 4.093940e-01 0
8.800000e-01 4.093940e-01 0
8.800000e-01 4.093940e-01 0
8.800000e-01 4.093940e-01 0
8.800000e-01 4.093940e-01 0
8.800000e-01 4.093940e-01 0
8.800000e-01 4.093940e-01 0
8.800000e-01 4.093940e-01 0
8.800000e-01 4.093940e-01 0
8.800000e-01 4.093940e-01 0
8.800000e-01 4.093940e-01 0
8.800000e-01 4.093940e-01 0
8.800000e-01 4.093940e-01 0
8.800000e-01 4.093940e-01 0
8.800000e-01 4.093940e-01 0
8.800000e-01 4.093940e-01 0
8.800000e-01 4.093940e-01 0
8.800000e-01 4.093940e-01 0
8.800000e-01 4.093940e-01 0
8.800000e-01 4.093940e-01 0
8.800000e-01 4.093940e-01 0
8.800000e-01 4.093940e-01 0
8.800000e-01 4.093940e-01 0
8.800000e-01 4.093940e-01 0
8.800000e-01 4.093940e-01 0
8.800000e-01 4.093940e-01 0
8.800000e-01 4.093940e-01 0
8.800000e-01 4.093940e-01 0
8.800000e-01 4.093940e-01 0
8.800000e-01 4.093940e-01 0
8.800000e-01 4.093940e-01 0
8.800000e-01 4.093940e-01 0
8.800000e-01 4.093940e-01 0
8.800000e-01 4.093940e-01 0
8.800000e-01 4.093940e-01 0
8.800000e-01 4.093940e-01 0
8.800000e-01 4.093940e-01 0
8.800000e-01 4.093940e-01 0
8.800000e-01 4.093940e-01 0
8.800000e-01 4.093940e-01 0
8.800000e-01 4.093940e-01 0
8.800000e-01 4.093940e-01 0
8.800000e-01 4.093940e-01 0
8.800000e-01 4.093940e-01 0
8.800000e-01 4.093940e-01 0
8.800000e-01 4.093940e-01 0
8.800000e-01 4.093940e-01 0
8.800000e-01 4.093940e-01 0
8.800000e-01 4.093940e-01 0
8.800000e-01 4.093940e-01 0
8.800000e-01 4.093940e-01 0
8.800000e-01 4.093940e-01 0
8.800000e-01 4.093940e-01 0
8.800000e-01 4.093940e-01 0
8.800000e-01 4.093940e-01 0
8.800000e-01 4.093940e-01 0
8.800000e-01 4.093940e-01 0
8.800000e-01 4.093940e-01 0
8.800000e-01 4.093940e-01 0
8.800000e-01 4.093940e-01 0
8.800000e-01 4.093940e-01 0
8.800000e-01 4.093940e-01 0
8.800000e-01 4.093940e-01 0
8.800000e-01 4.093940e-01 0
8.800000e-01 4.093940e-01 0
8.800000e-01 4.093940e-01 0
8.800000e-01 4.093940e-01 0
8.800000e-01 4.093940e-01 0
8.800000e-01 4.093940e-01 0
8.800000e-01 4.093940e-01 0
8.800000e-01 4.093940e-01 0
8.800000e-01 4.093940e-01 0
8.800000e-01 4.093940e-01 0
8.800000e-01 4.093940e-01 0
8.800000e-01 4.093940e-01 0
8.800000e-01 4.093940e-01 0
8.800000e-01 4.093940e-01 0
8.800000e-01 4.093940e-01 0
8.800000e-01 4.093940e-01 0
8.800000e-01 4.093940e-01 0
8.800000e-01 4.093940e-01 0
8.800000e-01 4.093940e-01 0
8.800000e-01 4.093940e-01 0
8.800000e-01 4.093940e-01 0
8.800000e-01 4.093940e-01 0
8.800000e-01 4.093940e-01 0
8.800000e-01 4.093940e-01 0
8.800000e-01 4.093940e-01 0
8.800000e-01 4.093940e-01 0
8.800000e-01 4.113940e-01 1.568000e-03
8.800000e-01 4.133940e-01 3.072000e-03
8.800000e-01 4.153940e-01 4.512000e-03
8.800000e-01 4.173940e-01 5.888000e-03
8.800000e-01 4.193940e-01 7.200000e-03
8.800000e-01 4.213940e-01 8.448000e-03
8.800000e-01 4.233940e-01 9.632000e-03
8.800000e-01 4.253940e-01 1.075200e-02
8.800000e-01 4.273940e-01 1.180800e-02
8.800000e-01 4.293940e-01 1.280000e-02
8.800000e-01 4.313940e-01 1.372800e-02
8.800000e-01 4.333940e-01 1.459200e-02
8.800000e-01 4.353940e-01 1.539200e-02
8.800000e-01 4.373940e-01 1.612800e-02
8.800000e-01 4.393940e-01 1.680000e-02
8.800000e-01 4.413940e-01 1.740800e-02
8.800000e-01 4.433940e-01 1.795200e-02
8.800000e-01 4.453940e-01 1.843200e-02
8.800000e-01 4.473940e-01 1.884800e-02
8.800000e-01 4.493940e-01 1.920000e-02
8.800000e-01 4.513940e-01 1.948800e-02
8.800000e-01 4.533940e-01 1.971200e-02
8.800000e-01 4.553940e-01 1.987200e-02
8.800000e-01 4.573940e-01 1.996800e-02
8.800000e-01 4.593940e-01 2.000000e-02
8.800000e-01 4.613940e-01 1.996800e-02
8.800000e-01 4.633940e-01 1.987200e-02
8.800000e-01 4.653940e-01 1.971200e-02
8.800000e-01 4.673940e-01 1.948800e-02
8.800000e-01 4.693940e-01 1.920000e-02
8.800000e-01 4.713940e-01 1.884800e-02
8.800000e-01 4.733940e-01 1.843200e-02
8.800000e-01 4.753940e-01 1.795200e-02
8.800000e-01 4.773940e-01 1.740800e-02
8.800000e-01 4.793940e-01 1.680000e-02
8.800000e-01 4.813940e-01 1.612800e-02
8.800000e-01 4.833940e-01 1.539200e-02
8.800000e-01 4.853940e-01 1.459200e-02
8.800000e-01 4.873940e-01 1.372800e-02
8.800000e-01 4.893940e-01 1.280000e-02
8.800000e-01 4.913940e-01 1.180800e-02
8.800000e-01 4.933940e-01 1.075200e-02
8.800000e-01 4.953940e-01 9.632000e-03
8.800000e-01 4.973940e-01 8.448000e-03
8.800000e-01 4.993940e-01 7.200000e-03
8.800000e-01 5.013940e-01 5.888000e-03
8.800000e-01 5.033940e-01 4.512000e-03
8.800000e-01 5.053940e-01 3.072000e-03
8.800000e-01 5.073940e-01 1.568000e-03
8.800000e-01 5.093940e-01 0
8.800000e-01 5.093940e-01 0
8.800000e-01 5.093940e-01 0
8.800000e-01 5.093940e-01 0
8.800000e-01 5.093940e-01 0
8.800000e-01 5.093940e-01 0
8.800000e-01 5.093940e-01 0
8.800000e-01 5.093940e-01 0
8.800000e-01 5.093940e-01 0
8.800000e-01 5.093940e-01 0
8.800000e-01 5.093940e-01 0
8.800000e-01 5.093940e-01 0
8.800000e-01 5.093940e-01 0
8.800000e-01 5.093940e-01 0
8.800000e-01 5.093940e-01 0
8.800000e-01 5.093940e-01 0
8.800000e-01 5.093940e-01 0
8.800000e-01 5.093940e-01 0
8.800000e-01 5.093940e-01 0
8.800000e-01 5.093940e-01 0
8.800000e-01 5.093940e-01 0
8.800000e-01 5.093940e-01 0
8.800000e-01 5.093940e-01 0
8.800000e-01 5.093940e-01 0
8.800000e-01 5.093940e-01 0
8.800000e-01 5.093940e-01 0
8.800000e-01 5.093940e-01 0
8.800000e-01 5.093940e-01 0
8.800000e-01 5.093940e-01 0
8.800000e-01 5.093940e-01 0
8.800000e-01 5.093940e-01 0
8.800000e-01 5.093940e-01 0
8.800000e-01 5.093940e-01 0
8.800000e-01 5.093940e-01 0
8.800000e-01 5.093940e-01 0
8.800000e-01 5.093940e-01 0
8.800000e-01 5.093940e-01 0
8.800000e-01 5.093940e-01 0
8.800000e-01 5.093940e-01 0
8.800000e-01 5.093940e-01 0
8.800000e-01 5.093940e-01 0
8.800000e-01 5.093940e-01 0
8.800000e-01 5.093940e-01 0
8.800000e-01 5.093940e-01 0
8.800000e-01 5.093940e-01 0
8.800000e-01 5.093940e-01 0
8.800000e-01 5.093940e-01 0
8.800000e-01 5.093940e-01 0
8.800000e-01 5.093940e-01 0
8.800000e-01 5.093940e-01 0
8.800000e-01 5.093940e-01 0
8.800000e-01 5.093940e-01 0
8.800000e-01 5.093940e-01 0
8.800000e-01 5.093940e-01 0
8.800000e-01 5.093940e-01 0
8.800000e-01 5.093940e-01 0
8.800000e-01 5.093940e-01 0
8.800000e-01 5.093940e-01 0
8.800000e-01 5.093940e-01 0
8.800000e-01 5.093940e-01 0
8.800000e-01 5.093940e-01 0
8.800000e-01 5.093940e-01 0
8.800000e-01 5.093940e-01 0
8.800000e-01 5.093940e-01 0
8.800000e-01 5.093940e-01 0
8.800000e-01 5.093940e-01 0
8.800000e-01 5.093940e-01 0
8.800000e-01 5.093940e-01 0
8.800000e-01 5.093940e-01 0
8.800000e-01 5.093940e-01 0
8.800000e-01 5.093940e-01 0
8.800000e-01 5.093940e-01 0
8.800000e-01 5.093940e-01 0
8.800000e-01 5.093940e-01 0
8.800000e-01 5.093940e-01 0
8.800000e-01 5.093940e-01 0
8.800000e-01 5.093940e-01 0
8.800000e-01 5.093940e-01 0
8.800000e-01 5.093940e-01 0
8.800000e-01 5.093940e-01 0
8.800000e-01 5.093940e-01 0
8.800000e-01 5.093940e-01 0
8.800000e-01 5.093940e-01 0
8.800000e-01 5.093940e-01 0
8.800000e-01 5.093940e-01 0
8.800000e-01 5.093940e-01 0
8.800000e-01 5.093940e-01 0
8.800000e-01 5.093940e-01 0
8.800000e-01 5.093940e-01 0
8.800000e-01 5.093940e-01 0
8.800000e-01 5.093940e-01 0
8.800000e-01 5.093940e-01 0
8.800000e-01 5.093940e-01 0
8.800000e-01 5.093940e-01 0
8.800000e-01 5.093940e-01 0
8.800000e-01 5.093940e-01 0
8.800000e-01 5.093940e-01 0
8.800000e-01 5.093940e-01 0
8.800000e-01 5.093940e-01 0
8.800000e-01 5.093940e-01 0
8.800000e-01 5.093940e-01 0
8.800000e-01 5.093940e-01 0
8.800000e-01 5.093940e-01 0
8.800000e-01 5.093940e-01 0
8.800000e-01 5.093940e-01 0
8.800000e-01 5.093940e-01 0
8.800000e-01 5.093940e-01 0
8.800000e-01 5.093940e-01 0
8.800000e-01 5.093940e-01 0
8.800000e-01 5.093940e-01 0
8.800000e-01 5.093940e-01 0
8.800000e-01 5.093940e-01 0
8.800000e-01 5.093940e-01 0
8.800000e-01 5.093940e-01 0
8.800000e-01 5.093940e-01 0
8.800000e-01 5.093940e-01 0
8.800000e-01 5.093940e-01 0
8.800000e-01 5.093940e-01 0
8.800000e-01 5.093940e-01 0
8.800000e-01 5.093940e-01 0
8.800000e-01 5.093940e-01 0
8.800000e-01 5.093940e-01 0
8.800000e-01 5.093940e-01 0
8.800000e-01 5.093940e-01 0
8.800000e-01 5.093940e-01 0
8.800000e-01 5.093940e-01 0
8.800000e-01 5.093940e-01 0
8.800000e-01 5.093940e-01 0
8.800000e-01 5.093940e-01 0
8.800000e-01 5.093940e-01 0
8.800000e-01 5.093940e-01 0
8.800000e-01 5.093940e-01 0
8.800000e-01 5.093940e-01 0
8.800000e-01 5.093940e-01 0
8.800000e-01 5.093940e-01 0
8.800000e-01 5.093940e-01 0
8.800000e-01 5.093940e-01 0
8.800000e-01 5.093940e-01 0
8.800000e-01 5.093940e-01 0
8.800000e-01 5.093940e-01 0
8.800000e-01 5.093940e-01 0
8.800000e-01 5.093940e-01 0
8.800000e-01 5.093940e-01 0
8.800000e-01 5.093940e-01 0
8.800000e-01 5.093940e-01 0
8.800000e-01 5.093940e-01 0
8.800000e-01 5.093940e-01 0
8.800000e-01 5.093940e-01 0
8.800000e-01 5.093940e-01 0
8.800000e-01 5.093940e-01 0
8.800000e-01 5.093940e-01 0
8.800000e-01 5.093940e-01 0
8.800000e-01 5.093940e-01 0
8.800000e-01 5.093940e-01 0
8.800000e-01 5.093940e-01 0
8.800000e-01 5.093940e-01 0
8.800000e-01 5.093940e-01 0
8.800000e-01 5.093940e-01 0
8.800000e-01 5.093940e-01 0
8.800000e-01 5.093940e-01 0
8.800000e-01 5.093940e-01 0
8.800000e-01 5.093940e-01 0
8.800000e-01 5.093940e-01 0
8.800000e-01 5.093940e-01 0
8.800000e-01 5.093940e-01 0
8.800000e-01 5.093940e-01 0
8.800000e-01 5.093940e-01 0
8.800000e-01 5.093940e-01 0
8.800000e-01 5.093940e-01 0
8.800000e-01 5.093940e-01 0
8.800000e-01 5.093940e-01 0
8.800000e-01 5.093940e-01 0
8.800000e-01 5.093940e-01 0
8.800000e-01 5.093940e-01 0
8.800000e-01 5.093940e-01 0
8.800000e-01 5.093940e-01 0
8.800000e-01 5.093940e-01 0
8.800000e-01 5.093940e-01 0
8.800000e-01 5.093940e-01 0
8.800000e-01 5.093940e-01 0
8.800000e-01 5.093940e-01 0
8.800000e-01 5.093940e-01 0
8.800000e-01 5.093940e-01 0
8.800000e-01 5.093940e-01 0
8.800000e-01 5.093940e-01 0
8.800000e-01 5.093940e-01 0
8.800000e-01 5.093940e-01 0
8.800000e-01 5.093940e-01 0
8.800000e-01 5.093940e-01 0
8.800000e-01 5.093940e-01 0
8.800000e-01 5.093940e-01 0
8.800000e-01 5.093940e-01 0
8.800000e-01 5.093940e-01 0
8.800000e-01 5.093940e-01 0
8.800000e-01 5.093940e-01 0
8.800000e-01 5.093940e-01 0
8.800000e-01 5.093940e-01 0
8.800000e-01 5.093940e-01 0
8.800000e-01 5.093940e-01 0
8.800000e-01 5.093940e-01 0
8.800000e-01 5.093940e-01 0
8.800000e-01 5.093940e-01 0
8.800000e-01 5.093940e-01 0
8.800000e-01 5.093940e-01 0
8.800000e-01 5.093940e-01 0
8.800000e-01 5.093940e-01 0
8.800000e-01 5.093940e-01 0
8.800000e-01 5.093940e-01 0
8.800000e-01 5.093940e-01 0
8.800000e-01 5.093940e-01 0
8.800000e-01 5.093940e-01 0
8.800000e-01 5.093940e-01 0
8.800000e-01 5.093940e-01 0
8.800000e-01 5.093940e-01 0
8.800000e-01 5.093940e-01 0
8.800000e-01 5.093940e-01 0
8.800000e-01 5.093940e-01 0
8.800000e-01 5.093940e-01 0
8.800000e-01 5.093940e-01 0
8.800000e-01 5.093940e-01 0
8.800000e-01 5.093940e-01 0
8.800000e-01 5.093940e-01 0
8.800000e-01 5.093940e-01 0
8.800000e-01 5.093940e-01 0
8.800000e-01 5.093940e-01 0
8.800000e-01 5.093940e-01 0
8.800000e-01 5.093940e-01 0
8.800000e-01 5.093940e-01 0
8.800000e-01 5.093940e-01 0
8.800000e-01 5.093940e-01 0
8.800000e-01 5.093940e-01 0
8.800000e-01 5.093940e-01 0
8.800000e-01 5.093940e-01 0
8.800000e-01 5.093940e-01 0
8.800000e-01 5.093940e-01 0
8.800000e-01 5.093940e-01 0
8.800000e-01 5.093940e-01 0
8.800000e-01 5.093940e-01 0
8.800000e-01 5.093940e-01 0
8.800000e-01 5.093940e-01 0
8.800000e-01 5.093940e-01 0
8.800000e-01 5.093940e-01 0
8.800000e-01 5.093940e-01 0
8.800000e-01 5.093940e-01 0
8.800000e-01 5.093940e-01 0
8.800000e-01 5.093940e-01 0
8.800000e-01 5.093940e-01 0
8.800000e-01 5.093940e-01 0
8.800000e-01 5.093940e-01 0
8.800000e-01 5.093940e-01 0
8.800000e-01 5.093940e-01 0
8.800000e-01 5.093940e-01 0
8.800000e-01 5.093940e-01 0
8.800000e-01 5.093940e-01 0
8.800000e-01 5.093940e-01 0
8.800000e-01 5.093940e-01 0
8.800000e-01 5.093940e-01 0
8.800000e-01 5.093940e-01 0
8.800000e-01 5.093940e-01 0
8.800000e-01 5.093940e-01 0
8.800000e-01 5.093940e-01 0
8.800000e-01 5.093940e-01 0
8.800000e-01 5.093940e-01 0
8.800000e-01 5.093940e-01 0
8.800000e-01 5.093940e-01 0
8.800000e-01 5.093940e-01 0
8.800000e-01 5.093940e-01 0
8.800000e-01 5.093940e-01 0
8.800000e-01 5.093940e-01 0
8.800000e-01 5.093940e-01 0
8.800000e-01 5.093940e-01 0
8.800000e-01 5.093940e-01 0
8.800000e-01 5.093940e-01 0
8.800000e-01 5.093940e-01 0
8.800000e-01 5.093940e-01 0
8.800000e-01 5.093940e-01 0
8.800000e-01 5.093940e-01 0
8.800000e-01 5.093940e-01 0
8.800000e-01 5.093940e-01 0
8.800000e-01 5.093940e-01 0
8.800000e-01 5.093940e-01 0
8.800000e-01 5.093940e-01 0
8.800000e-01 5.093940e-01 0
8.800000e-01 5.093940e-01 0
8.800000e-01 5.093940e-01 0
8.800000e-01 5.093940e-01 0
8.800000e-01 5.093940e-01 0
8.800000e-01 5.093940e-01 0
8.800000e-01 5.093940e-01 0
8.800000e-01 5.093940e-01 0
8.800000e-01 5.093940e-01 0
8.800000e-01 5.093940e-01 0
8.800000e-01 5.093940e-01 0
8.800000e-01 5.093940e-01 0
8.800000e-01 5.093940e-01 0
8.800000e-01 5.093940e-01 0
8.800000e-01 5.093940e-01 0
8.800000e-01 5.093940e-01 0
8.800000e-01 5.093940e-01 0
8.800000e-01 5.093940e-01 0
8.800000e-01 5.093940e-01 0
8.800000e-01 5.093940e-01 0
8.800000e-01 5.093940e-01 0
8.800000e-01 5.093940e-01 0
8.800000e-01 5.093940e-01 0
8.800000e-01 5.093940e-01 0
8.800000e-01 5.093940e-01 0
8.800000e-01 5.093940e-01 0
8.800000e-01 5.093940e-01 0
8.800000e-01 5.093940e-01 0
8.800000e-01 5.093940e-01 0
8.800000e-01 5.093940e-01 0
8.800000e-01 5.093940e-01 0
8.800000e-01 5.093940e-01 0
8.800000e-01 5.093940e-01 0
8.800000e-01 5.093940e-01 0
8.800000e-01 5.093940e-01 0
8.800000e-01 5.093940e-01 0
8.800000e-01 5.093940e-01 0
8.800000e-01 5.093940e-01 0
8.800000e-01 5.093940e-01 0
8.800000e-01 5.093940e-01 0
8.800000e-01 5.093940e-01 0
8.800000e-01 5.093940e-01 0
8.800000e-01 5.093940e-01 0
8.800000e-01 5.093940e-01 0
8.800000e-01 5.093940e-01 0
8.800000e-01 5.093940e-01 0
8.800000e-01 5.093940e-01 0
8.800000e-01 5.093940e-01 0
8.800000e-01 5.093940e-01 0
8.800000e-01 5.093940e-01 0
8.800000e-01 5.093940e-01 0
8.800000e-01 5.093940e-01 0
8.800000e-01 5.093940e-01 0
8.800000e-01 5.093940e-01 0
8.800000e-01 5.093940e-01 0
8.800000e-01 5.093940e-01 0
8.800000e-01 5.093940e-01 0
8.800000e-01 5.093940e-01 0
8.800000e-01 5.093940e-01 0
8.800000e-01 5.093940e-01 0
8.800000e-01 5.093940e-01 0
8.800000e-01 5.093940e-01 0
8.800000e-01 5.093940e-01 0
8.800000e-01 5.093940e-01 0
8.800000e-01 5.093940e-01 0
8.800000e-01 5.093940e-01 0
8.800000e-01 5.093940e-01 0
8.800000e-01 5.093940e-01 0
8.800000e-01 5.093940e-01 0
8.800000e-01 5.113940e-01 1.568000e-03
8.800000e-01 5.133940e-01 3.072000e-03
8.800000e-01 5.153940e-01 4.512000e-03
8.800000e-01 5.173940e-01 5.888000e-03
8.800000e-01 5.193940e-01 7.200000e-03
8.800000e-01 5.213940e-01 8.448000e-03
8.800000e-01 5.233940e-01 9.632000e-03
8.800000e-01 5.253940e-01 1.075200e-02
8.800000e-01 5.273940e-01 1.180800e-02
8.800000e-01 5.293940e-01 1.280000e-02
8.800000e-01 5.313940e-01 1.372800e-02
8.800000e-01 5.333940e-01 1.459200e-02
8.800000e-01 5.353940e-01 1.539200e-02
8.800000e-01 5.373940e-01 1.612800e-02
8.800000e-01 5.393940e-01 1.680000e-02
8.800000e-01 5.413940e-01 1.740800e-02
8.800000e-01 5.433940e-01 1.795200e-02
8.800000e-01 5.453940e-01 1.843200e-02
8.800000e-01 5.473940e-01 1.884800e-02
8.800000e-01 5.493940e-01 1.920000e-02
8.800000e-01 5.513940e-01 1.948800e-02
8.800000e-01 5.533940e-01 1.971200e-02
8.800000e-01 5.553940e-01 1.987200e-02
8.800000e-01 5.573940e-01 1.996800e-02
8.800000e-01 5.593940e-01 2.000000e-02
8.800000e-01 5.613940e-01 1.996800e-02
8.800000e-01 5.633940e-01 1.987200e-02
8.800000e-01 5.653940e-01 1.971200e-02
8.800000e-01 5.673940e-01 1.948800e-02
8.800000e-01 5.693940e-01 1.920000e-02
8.800000e-01 5.713940e-01 1.884800e-02
8.800000e-01 5.733940e-01 1.843200e-02
8.800000e-01 5.753940e-01 1.795200e-02
8.800000e-01 5.773940e-01 1.740800e-02
8.800000e-01 5.793940e-01 1.680000e-02
8.800000e-01 5.813940e-01 1.612800e-02
8.800000e-01 5.833940e-01 1.539200e-02
8.800000e-01 5.853940e-01 1.459200e-02
8.800000e-01 5.873940e-01 1.372800e-02
8.800000e-01 5.893940e-01 1.280000e-02
8.800000e-01 5.913940e-01 1.180800e-02
8.800000e-01 5.933940e-01 1.075200e-02
8.800000e-01 5.953940e-01 9.632000e-03
8.800000e-01 5.973940e-01 8.448000e-03
8.800000e-01 5.993940e-01 7.200000e-03
8.800000e-01 6.013940e-01 5.888000e-03
8.800000e-01 6.033940e-01 4.512000e-03
8.800000e-01 6.053940e-01 3.072000e-03
8.800000e-01 6.073940e-01 1.568000e-03
8.800000e-01 6.093940e-01 0
8.800000e-01 6.093940e-01 0
8.800000e-01 6.093940e-01 0
8.800000e-01 6.093940e-01 0
8.800000e-01 6.093940e-01 0
8.800000e-01 6.093940e-01 0
8.800000e-01 6.093940e-01 0
8.800000e-01 6.093940e-01 0
8.800000e-01 6.093940e-01 0
8.800000e-01 6.093940e-01 0
8.800000e-01 6.093940e-01 0
8.800000e-01 6.093940e-01 0
8.800000e-01 6.093940e-01 0
8.800000e-01 6.093940e-01 0
8.800000e-01 6.093940e-01 0
8.800000e-01 6.093940e-01 0
8.800000e-01 6.093940e-01 0
8.800000e-01 6.093940e-01 0
8.800000e-01 6.093940e-01 0
8.800000e-01 6.093940e-01 0
8.800000e-01 6.093940e-01 0
8.800000e-01 6.093940e-01 0
8.800000e-01 6.093940e-01 0
8.800000e-01 6.093940e-01 0
8.800000e-01 6.093940e-01 0
8.800000e-01 6.093940e-01 0
8.800000e-01 6.093940e-01 0
8.800000e-01 6.093940e-01 0
8.800000e-01 6.093940e-01 0
8.800000e-01 6.093940e-01 0
8.800000e-01 6.093940e-01 0
8.800000e-01 6.093940e-01 0
8.800000e-01 6.093940e-01 0
8.800000e-01 6.093940e-01 0
8.800000e-01 6.093940e-01 0
8.800000e-01 6.093940e-01 0
8.800000e-01 6.093940e-01 0
8.800000e-01 6.093940e-01 0
8.800000e-01 6.093940e-01 0
8.800000e-01 6.093940e-01 0
8.800000e-01 6.093940e-01 0
8.800000e-01 6.093940e-01 0
8.800000e-01 6.093940e-01 0
8.800000e-01 6.093940e-01 0
8.800000e-01 6.093940e-01 0
8.800000e-01 6.093940e-01 0
8.800000e-01 6.093940e-01 0
8.800000e-01 6.093940e-01 0
8.800000e-01 6.093940e-01 0
8.800000e-01 6.093940e-01 0
8.800000e-01 6.093940e-01 0
8.800000e-01 6.093940e-01 0
8.800000e-01 6.093940e-01 0
8.800000e-01 6.093940e-01 0
8.800000e-01 6.093940e-01 0
8.800000e-01 6.093940e-01 0
8.800000e-01 6.093940e-01 0
8.800000e-01 6.093940e-01 0
8.800000e-01 6.093940e-01 0
8.800000e-01 6.093940e-01 0
8.800000e-01 6.093940e-01 0
8.800000e-01 6.093940e-01 0
8.800000e-01 6.093940e-01 0
8.800000e-01 6.093940e-01 0
8.800000e-01 6.093940e-01 0
8.800000e-01 6.093940e-01 0
8.800000e-01 6.093940e-01 0
8.800000e-01 6.093940e-01 0
8.800000e-01 6.093940e-01 0
8.800000e-01 6.093940e-01 0
8.800000e-01 6.093940e-01 0
8.800000e-01 6.093940e-01 0
8.800000e-01 6.093940e-01 0
8.800000e-01 6.093940e-01 0
8.800000e-01 6.093940e-01 0
8.800000e-01 6.093940e-01 0
8.800000e-01 6.093940e-01 0
8.800000e-01 6.093940e-01 0
8.800000e-01 6.093940e-01 0
8.800000e-01 6.093940e-01 0
8.800000e-01 6.093940e-01 0
8.800000e-01 6.093940e-01 0
8.800000e-01 6.093940e-01 0
8.800000e-01 6.093940e-01 0
8.800000e-01 6.093940e-01 0
8.800000e-01 6.093940e-01 0
8.800000e-01 6.093940e-01 0
8.800000e-01 6.093940e-01 0
8.800000e-01 6.093940e-01 0
8.800000e-01 6.093940e-01 0
8.800000e-01 6.093940e-01 0
8.800000e-01 6.093940e-01 0
8.800000e-01 6.093940e-01 0
8.800000e-01 6.093940e-01 0
8.800000e-01 6.093940e-01 0
8.800000e-01 6.093940e-01 0
8.800000e-01 6.093940e-01 0
8.800000e-01 6.093940e-01 0
8.800000e-01 6.093940e-01 0
8.800000e-01 6.093940e-01 0
8.800000e-01 6.093940e-01 0
8.800000e-01 6.093940e-01 0
8.800000e-01 6.093940e-01 0
8.800000e-01 6.093940e-01 0
8.800000e-01 6.093940e-01 0
8.800000e-01 6.093940e-01 0
8.800000e-01 6.093940e-01 0
8.800000e-01 6.093940e-01 0
8.800000e-01 6.093940e-01 0
8.800000e-01 6.093940e-01 0
8.800000e-01 6.093940e-01 0
8.800000e-01 6.093940e-01 0
8.800000e-01 6.093940e-01 0
8.800000e-01 6.093940e-01 0
8.800000e-01 6.093940e-01 0
8.800000e-01 6.093940e-01 0
8.800000e-01 6.093940e-01 0
8.800000e-01 6.093940e-01 0
8.800000e-01 6.093940e-01 0
8.800000e-01 6.093940e-01 0
8.800000e-01 6.093940e-01 0
8.800000e-01 6.093940e-01 0
8.800000e-01 6.093940e-01 0
8.800000e-01 6.093940e-01 0
8.800000e-01 6.093940e-01 0
8.800000e-01 6.093940e-01 0
8.800000e-01 6.093940e-01 0
8.800000e-01 6.093940e-01 0
8.800000e-01 6.093940e-01 0
8.800000e-01 6.093940e-01 0
8.800000e-01 6.093940e-01 0
8.800000e-01 6.093940e-01 0
8.800000e-01 6.093940e-01 0
8.800000e-01 6.093940e-01 0
8.800000e-01 6.093940e-01 0
8.800000e-01 6.093940e-01 0
8.800000e-01 6.093940e-01 0
8.800000e-01 6.093940e-01 0
8.800000e-01 6.093940e-01 0
8.800000e-01 6.093940e-01 0
8.800000e-01 6.093940e-01 0
8.800000e-01 6.093940e-01 0
8.800000e-01 6.093940e-01 0
8.800000e-01 6.093940e-01 0
8.800000e-01 6.093940e-01 0
8.800000e-01 6.093940e-01 0
8.800000e-01 6.093940e-01 0
8.800000e-01 6.093940e-01 0
8.800000e-01 6.093940e-01 0
8.800000e-01 6.093940e-01 0
8.800000e-01 6.093940e-01 0
8.800000e-01 6.093940e-01 0
8.800000e-01 6.093940e-01 0
8.800000e-01 6.093940e-01 0
8.800000e-01 6.093940e-01 0
8.800000e-01 6.093940e-01 0
8.800000e-01 6.093940e-01 0
8.800000e-01 6.093940e-01 0
8.800000e-01 6.093940e-01 0
8.800000e-01 6.093940e-01 0
8.800000e-01 6.093940e-01 0
8.800000e-01 6.093940e-01 0
8.800000e-01 6.093940e-01 0
8.800000e-01 6.093940e-01 0
8.800000e-01 6.093940e-01 0
8.800000e-01 6.093940e-01 0
8.800000e-01 6.093940e-01 0
8.800000e-01 6.093940e-01 0
8.800000e-01 6.093940e-01 0
8.800000e-01 6.093940e-01 0
8.800000e-01 6.093940e-01 0
8.800000e-01 6.093940e-01 0
8.800000e-01 6.093940e-01 0
8.800000e-01 6.093940e-01 0
8.800000e-01 6.093940e-01 0
8.800000e-01 6.093940e-01 0
8.800000e-01 6.093940e-01 0
8.800000e-01 6.093940e-01 0
8.800000e-01 6.093940e-01 0
8.800000e-01 6.093940e-01 0
8.800000e-01 6.093940e-01 0
8.800000e-01 6.093940e-01 0
8.800000e-01 6.093940e-01 0
8.800000e-01 6.093940e-01 0
8.800000e-01 6.093940e-01 0
8.800000e-01 6.093940e-01 0
8.800000e-01 6.093940e-01 0
8.800000e-01 6.093940e-01 0
8.800000e-01 6.093940e-01 0
8.800000e-01 6.093940e-01 0
8.800000e-01 6.093940e-01 0
8.800000e-01 6.093940e-01 0
8.800000e-01 6.093940e-01 0
8.800000e-01 6.093940e-01 0
8.800000e-01 6.093940e-01 0
8.800000e-01 6.093940e-01 0
8.800000e-01 6.093940e-01 0
8.800000e-01 6.093940e-01 0
8.800000e-01 6.093940e-01 0
8.800000e-01 6.093940e-01 0
8.800000e-01 6.093940e-01 0
8.800000e-01 6.093940e-01 0
8.800000e-01 6.093940e-01 0
8.800000e-01 6.093940e-01 0
8.800000e-01 6.093940e-01 0
8.800000e-01 6.093940e-01 0
8.800000e-01 6.093940e-01 0
8.800000e-01 6.093940e-01 0
8.800000e-01 6.093940e-01 0
8.800000e-01 6.093940e-01 0
8.800000e-01 6.093940e-01 0
8.800000e-01 6.093940e-01 0
8.800000e-01 6.093940e-01 0
8.800000e-01 6.093940e-01 0
8.800000e-01 6.093940e-01 0
8.800000e-01 6.093940e-01 0
8.800000e-01 6.093940e-01 0
8.800000e-01 6.093940e-01 0
8.800000e-01 6.093940e-01 0
8.800000e-01 6.093940e-01 0
8.800000e-01 6.093940e-01 0
8.800000e-01 6.093940e-01 0
8.800000e-01 6.093940e-01 0
8.800000e-01 6.093940e-01 0
8.800000e-01 6.093940e-01 0
8.800000e-01 6.093940e-01 0
8.800000e-01 6.093940e-01 0
8.800000e-01 6.093940e-01 0
8.800000e-01 6.093940e-01 0
8.800000e-01 6.093940e-01 0
8.800000e-01 6.093940e-01 0
8.800000e-01 6.093940e-01 0
8.800000e-01 6.093940e-01 0
8.800000e-01 6.093940e-01 0
8.800000e-01 6.093940e-01 0
8.800000e-01 6.093940e-01 0
8.800000e-01 6.093940e-01 0
8.800000e-01 6.093940e-01 0
8.800000e-01 6.093940e-01 0
8.800000e-01 6.093940e-01 0
8.800000e-01 6.093940e-01 0
8.800000e-01 6.093940e-01 0
8.800000e-01 6.093940e-01 0
8.800000e-01 6.093940e-01 0
8.800000e-01 6.093940e-01 0
8.800000e-01 6.093940e-01 0
8.800000e-01 6.093940e-01 0
8.800000e-01 6.093940e-01 0
8.800000e-01 6.093940e-01 0
8.800000e-01 6.093940e-01 0
8.800000e-01 6.093940e-01 0
8.800000e-01 6.093940e-01 0
8.800000e-01 6.093940e-01 0
8.800000e-01 6.093940e-01 0
8.800000e-01 6.093940e-01 0
8.800000e-01 6.093940e-01 0
8.800000e-01 6.093940e-01 0
8.800000e-01 6.093940e-01 0
8.800000e-01 6.093940e-01 0
8.800000e-01 6.093940e-01 0
8.800000e-01 6.093940e-01 0
8.800000e-01 6.093940e-01 0
8.800000e-01 6.093940e-01 0
8.800000e-01 6.093940e-01 0
8.800000e-01 6.093940e-01 0
8.800000e-01 6.093940e-01 0
8.800000e-01 6.093940e-01 0
8.800000e-01 6.093940e-01 0
8.800000e-01 6.093940e-01 0
8.800000e-01 6.093940e-01 0
8.800000e-01 6.093940e-01 0
8.800000e-01 6.093940e-01 0
8.800000e-01 6.093940e-01 0
8.800000e-01 6.093940e-01 0
8.800000e-01 6.093940e-01 0
8.800000e-01 6.093940e-01 0
8.800000e-01 6.093940e-01 0
8.800000e-01 6.093940e-01 0
8.800000e-01 6.093940e-01 0
8.800000e-01 6.093940e-01 0
8.800000e-01 6.093940e-01 0
8.800000e-01 6.093940e-01 0
8.800000e-01 6.093940e-01 0
8.800000e-01 6.093940e-01 0
8.800000e-01 6.093940e-01 0
8.800000e-01 6.093940e-01 0
8.800000e-01 6.093940e-01 0
8.800000e-01 6.093940e-01 0
8.800000e-01 6.093940e-01 0
8.800000e-01 6.093940e-01 0
8.800000e-01 6.093940e-01 0
8.800000e-01 6.093940e-01 0
8.800000e-01 6.093940e-01 0
8.800000e-01 6.093940e-01 0
8.800000e-01 6.093940e-01 0
8.800000e-01 6.093940e-01 0
8.800000e-01 6.093940e-01 0
8.800000e-01 6.093940e-01 0
8.800000e-01 6.093940e-01 0
8.800000e-01 6.093940e-01 0
8.800000e-01 6.093940e-01 0
8.800000e-01 6.093940e-01 0
8.800000e-01 6.093940e-01 0
8.800000e-01 6.093940e-01 0
8.800000e-01 6.093940e-01 0
8.800000e-01 6.093940e-01 0
8.800000e-01 6.093940e-01 0
8.800000e-01 6.093940e-01 0
8.800000e-01 6.093940e-01 0
8.800000e-01 6.093940e-01 0
8.800000e-01 6.093940e-01 0
8.800000e-01 6.093940e-01 0
8.800000e-01 6.093940e-01 0
8.800000e-01 6.093940e-01 0
8.800000e-01 6.093940e-01 0
8.800000e-01 6.093940e-01 0
8.800000e-01 6.093940e-01 0
8.800000e-01 6.093940e-01 0
8.800000e-01 6.093940e-01 0
8.800000e-01 6.093940e-01 0
8.800000e-01 6.093940e-01 0
8.800000e-01 6.093940e-01 0
8.800000e-01 6.093940e-01 0
8.800000e-01 6.093940e-01 0
8.800000e-01 6.093940e-01 0
8.800000e-01 6.093940e-01 0
8.800000e-01 6.093940e-01 0
8.800000e-01 6.093940e-01 0
8.800000e-01 6.093940e-01 0
8.800000e-01 6.093940e-01 0
8.800000e-01 6.093940e-01 0
8.800000e-01 6.093940e-01 0
8.800000e-01 6.093940e-01 0
8.800000e-01 6.093940e-01 0
8.800000e-01 6.093940e-01 0
8.800000e-01 6.093940e-01 0
8.800000e-01 6.093940e-01 0
8.800000e-01 6.093940e-01 0
8.800000e-01 6.093940e-01 0
8.800000e-01 6.093940e-01 0
8.800000e-01 6.093940e-01 0
8.800000e-01 6.093940e-01 0
8.800000e-01 6.093940e-01 0
8.800000e-01 6.093940e-01 0
8.800000e-01 6.093940e-01 0
8.800000e-01 6.093940e-01 0
8.800000e-01 6.093940e-01 0
8.800000e-01 6.093940e-01 0
8.800000e-01 6.093940e-01 0
8.800000e-01 6.093940e-01 0
8.800000e-01 6.093940e-01 0
8.800000e-01 6.113940e-01 1.568000e-03
8.800000e-01 6.133940e-01 3.072000e-03
8.800000e-01 6.153940e-01 4.512000e-03
8.800000e-01 6.173940e-01 5.888000e-03
8.800000e-01 6.193940e-01 7.200000e-03
8.800000e-01 6.213940e-01 8.448000e-03
8.800000e-01 6.233940e-01 9.632000e-03
8.800000e-01 6.253940e-01 1.075200e-02
8.800000e-01 6.273940e-01 1.180800e-02
8.800000e-01 6.293940e-01 1.280000e-02
8.800000e-01 6.313940e-01 1.372800e-02
8.800000e-01 6.333940e-01 1.459200e-02
8.800000e-01 6.353940e-01 1.539200e-02
8.800000e-01 6.373940e-01 1.612800e-02
8.800000e-01 6.393940e-01 1.680000e-02
8.800000e-01 6.413940e-01 1.740800e-02
8.800000e-01 6.433940e-01 1.795200e-02
8.800000e-01 6.453940e-01 1.843200e-02
8.800000e-01 6.473940e-01 1.884800e-02
8.800000e-01 6.493940e-01 1.920000e-02
8.800000e-01 6.513940e-01 1.948800e-02
8.800000e-01 6.533940e-01 1.971200e-02
8.800000e-01 6.553940e-01 1.987200e-02
8.800000e-01 6.573940e-01 1.996800e-02
8.800000e-01 6.593940e-01 2.000000e-02
8.800000e-01 6.613940e-01 1.996800e-02
8.800000e-01 6.633940e-01 1.987200e-02
8.800000e-01 6.653940e-01 1.971200e-02
8.800000e-01 6.673940e-01 1.948800e-02
8.800000e-01 6.693940e-01 1.920000e-02
8.800000e-01 6.713940e-01 1.884800e-02
8.800000e-01 6.733940e-01 1.843200e-02
8.800000e-01 6.753940e-01 1.795200e-02
8.800000e-01 6.773940e-01 1.740800e-02
8.800000e-01 6.793940e-01 1.680000e-02
8.800000e-01 6.813940e-01 1.612800e-02
8.800000e-01 6.833940e-01 1.539200e-02
8.800000e-01 6.853940e-01 1.459200e-02
8.800000e-01 6.873940e-01 1.372800e-02
8.800000e-01 6.893940e-01 1.280000e-02
8.800000e-01 6.913940e-01 1.180800e-02
8.800000e-01 6.933940e-01 1.075200e-02
8.800000e-01 6.953940e-01 9.632000e-03
8.800000e-01 6.973940e-01 8.448000e-03
8.800000e-01 6.993940e-01 7.200000e-03
8.800000e-01 7.013940e-01 5.888000e-03
8.800000e-01 7.033940e-01 4.512000e-03
8.800000e-01 7.053940e-01 3.072000e-03
8.800000e-01 7.073940e-01 1.568000e-03
8.800000e-01 7.093940e-01 0
8.800000e-01 7.093940e-01 0
8.800000e-01 7.093940e-01 0
8.800000e-01 7.093940e-01 0
8.800000e-01 7.093940e-01 0
8.800000e-01 7.093940e-01 0
8.800000e-01 7.093940e-01 0
8.800000e-01 7.093940e-01 0
8.800000e-01 7.093940e-01 0
8.800000e-01 7.093940e-01 0
8.800000e-01 7.093940e-01 0
8.800000e-01 7.093940e-01 0
8.800000e-01 7.093940e-01 0
8.800000e-01 7.093940e-01 0
8.800000e-01 7.093940e-01 0
8.800000e-01 7.093940e-01 0
8.800000e-01 7.093940e-01 0
8.800000e-01 7.093940e-01 0
8.800000e-01 7.093940e-01 0
8.800000e-01 7.093940e-01 0
8.800000e-01 7.093940e-01 0
8.800000e-01 7.093940e-01 0
8.800000e-01 7.093940e-01 0
8.800000e-01 7.093940e-01 0
8.800000e-01 7.093940e-01 0
8.800000e-01 7.093940e-01 0
8.800000e-01 7.093940e-01 0
8.800000e-01 7.093940e-01 0
8.800000e-01 7.093940e-01 0
8.800000e-01 7.093940e-01 0
8.800000e-01 7.093940e-01 0
8.800000e-01 7.093940e-01 0
8.800000e-01 7.093940e-01 0
8.800000e-01 7.093940e-01 0
8.800000e-01 7.093940e-01 0
8.800000e-01 7.093940e-01 0
8.800000e-01 7.093940e-01 0
8.800000e-01 7.093940e-01 0
8.800000e-01 7.093940e-01 0
8.800000e-01 7.093940e-01 0
8.800000e-01 7.093940e-01 0
8.800000e-01 7.093940e-01 0
8.800000e-01 7.093940e-01 0
8.800000e-01 7.093940e-01 0
8.800000e-01 7.093940e-01 0
8.800000e-01 7.093940e-01 0
8.800000e-01 7.093940e-01 0
8.800000e-01 7.093940e-01 0
8.800000e-01 7.093940e-01 0
8.800000e-01 7.093940e-01 0
8.800000e-01 7.093940e-01 0
8.800000e-01 7.093940e-01 0
8.800000e-01 7.093940e-01 0
8.800000e-01 7.093940e-01 0
8.800000e-01 7.093940e-01 0
8.800000e-01 7.093940e-01 0
8.800000e-01 7.093940e-01 0
8.800000e-01 7.093940e-01 0
8.800000e-01 7.093940e-01 0
8.800000e-01 7.093940e-01 0
8.800000e-01 7.093940e-01 0
8.800000e-01 7.093940e-01 0
8.800000e-01 7.093940e-01 0
8.800000e-01 7.093940e-01 0
8.800000e-01 7.093940e-01 0
8.800000e-01 7.093940e-01 0
8.800000e-01 7.093940e-01 0
8.800000e-01 7.093940e-01 0
8.800000e-01 7.093940e-01 0
8.800000e-01 7.093940e-01 0
8.800000e-01 7.093940e-01 0
8.800000e-01 7.093940e-01 0
8.800000e-01 7.093940e-01 0
8.800000e-01 7.093940e-01 0
8.800000e-01 7.093940e-01 0
8.800000e-01 7.093940e-01 0
8.800000e-01 7.093940e-01 0
8.800000e-01 7.093940e-01 0
8.800000e-01 7.093940e-01 0
8.800000e-01 7.093940e-01 0
8.800000e-01 7.093940e-01 0
8.800000e-01 7.093940e-01 0
8.800000e-01 7.093940e-01 0
8.800000e-01 7.093940e-01 0
8.800000e-01 7.093940e-01 0
8.800000e-01 7.093940e-01 0
8.800000e-01 7.093940e-01 0
8.800000e-01 7.093940e-01 0
8.800000e-01 7.093940e-01 0
8.800000e-01 7.093940e-01 0
8.800000e-01 7.093940e-01 0
8.800000e-01 7.093940e-01 0
8.800000e-01 7.093940e-01 0
8.800000e-01 7.093940e-01 0
8.800000e-01 7.093940e-01 0
8.800000e-01 7.093940e-01 0
8.800000e-01 7.093940e-01 0
8.800000e-01 7.093940e-01 0
8.800000e-01 7.093940e-01 0
8.800000e-01 7.093940e-01 0
8.800000e-01 7.093940e-01 0
8.800000e-01 7.093940e-01 0
8.800000e-01 7.093940e-01 0
8.800000e-01 7.093940e-01 0
8.800000e-01 7.093940e-01 0
8.800000e-01 7.093940e-01 0
8.800000e-01 7.093940e-01 0
8.800000e-01 7.093940e-01 0
8.800000e-01 7.093940e-01 0
8.800000e-01 7.093940e-01 0
8.800000e-01 7.093940e-01 0
8.800000e-01 7.093940e-01 0
8.800000e-01 7.093940e-01 0
8.800000e-01 7.093940e-01 0
8.800000e-01 7.093940e-01 0
8.800000e-01 7.093940e-01 0
8.800000e-01 7.093940e-01 0
8.800000e-01 7.093940e-01 0
8.800000e-01 7.093940e-01 0
8.800000e-01 7.093940e-01 0
8.800000e-01 7.093940e-01 0
8.800000e-01 7.093940e-01 0
8.800000e-01 7.093940e-01 0
8.800000e-01 7.093940e-01 0
8.800000e-01 7.093940e-01 0
8.800000e-01 7.093940e-01 0
8.800000e-01 7.093940e-01 0
8.800000e-01 7.093940e-01 0
8.800000e-01 7.093940e-01 0
8.800000e-01 7.093940e-01 0
8.800000e-01 7.093940e-01 0
8.800000e-01 7.093940e-01 0
8.800000e-01 7.093940e-01 0
8.800000e-01 7.093940e-01 0
8.800000e-01 7.093940e-01 0
8.800000e-01 7.093940e-01 0
8.800000e-01 7.093940e-01 0
8.800000e-01 7.093940e-01 0
8.800000e-01 7.093940e-01 0
8.800000e-01 7.093940e-01 0
8.800000e-01 7.093940e-01 0
8.800000e-01 7.093940e-01 0
8.800000e-01 7.093940e-01 0
8.800000e-01 7.093940e-01 0
8.800000e-01 7.093940e-01 0
8.800000e-01 7.093940e-01 0
8.800000e-01 7.093940e-01 0
8.800000e-01 7.093940e-01 0
8.800000e-01 7.093940e-01 0
8.800000e-01 7.093940e-01 0
8.800000e-01 7.093940e-01 0
8.800000e-01 7.093940e-01 0
8.800000e-01 7.093940e-01 0
8.800000e-01 7.093940e-01 0
8.800000e-01 7.093940e-01 0
8.800000e-01 7.093940e-01 0
8.800000e-01 7.093940e-01 0
8.800000e-01 7.093940e-01 0
8.800000e-01 7.093940e-01 0
8.800000e-01 7.093940e-01 0
8.800000e-01 7.093940e-01 0
8.800000e-01 7.093940e-01 0
8.800000e-01 7.093940e-01 0
8.800000e-01 7.093940e-01 0
8.800000e-01 7.093940e-01 0
8.800000e-01 7.093940e-01 0
8.800000e-01 7.093940e-01 0
8.800000e-01 7.093940e-01 0
8.800000e-01 7.093940e-01 0
8.800000e-01 7.093940e-01 0
8.800000e-01 7.093940e-01 0
8.800000e-01 7.093940e-01 0
8.800000e-01 7.093940e-01 0
8.800000e-01 7.093940e-01 0
8.800000e-01 7.093940e-01 0
8.800000e-01 7.093940e-01 0
8.800000e-01 7.093940e-01 0
8.800000e-01 7.093940e-01 0
8.800000e-01 7.093940e-01 0
8.800000e-01 7.093940e-01 0
8.800000e-01 7.093940e-01 0
8.800000e-01 7.093940e-01 0
8.800000e-01 7.093940e-01 0
8.800000e-01 7.093940e-01 0
8.800000e-01 7.093940e-01 0
8.800000e-01 7.093940e-01 0
8.800000e-01 7.093940e-01 0
8.800000e-01 7.093940e-01 0
8.800000e-01 7.093940e-01 0
8.800000e-01 7.093940e-01 0
8.800000e-01 7.093940e-01 0
8.800000e-01 7.093940e-01 0
8.800000e-01 7.093940e-01 0
8.800000e-01 7.093940e-01 0
8.800000e-01 7.093940e-01 0
8.800000e-01 7.093940e-01 0
8.800000e-01 7.093940e-01 0
8.800000e-01 7.093940e-01 0
8.800000e-01 7.093940e-01 0
8.800000e-01 7.093940e-01 0
8.800000e-01 7.093940e-01 0
8.800000e-01 7.093940e-01 0
8.800000e-01 7.093940e-01 0
8.800000e-01 7.093940e-01 0
8.800000e-01 7.093940e-01 0
8.800000e-01 7.093940e-01 0
8.800000e-01 7.093940e-01 0
8.800000e-01 7.093940e-01 0
8.800000e-01 7.093940e-01 0
8.800000e-01 7.093940e-01 0
8.800000e-01 7.093940e-01 0
8.800000e-01 7.093940e-01 0
8.800000e-01 7.093940e-01 0
8.800000e-01 7.093940e-01 0
8.800000e-01 7.093940e-01 0
8.800000e-01 7.093940e-01 0
8.800000e-01 7.093940e-01 0
8.800000e-01 7.093940e-01 0
8.800000e-01 7.093940e-01 0
8.800000e-01 7.093940e-01 0
8.800000e-01 7.093940e-01 0
8.800000e-01 7.093940e-01 0
8.800000e-01 7.093940e-01 0
8.800000e-01 7.093940e-01 0
8.800000e-01 7.093940e-01 0
8.800000e-01 7.093940e-01 0
8.800000e-01 7.093940e-01 0
8.800000e-01 7.093940e-01 0
8.800000e-01 7.093940e-01 0
8.800000e-01 7.093940e-01 0
8.800000e-01 7.093940e-01 0
8.800000e-01 7.093940e-01 0
8.800000e-01 7.093940e-01 0
8.800000e-01 7.093940e-01 0
8.800000e-01 7.093940e-01 0
8.800000e-01 7.093940e-01 0
8.800000e-01 7.093940e-01 0
8.800000e-01 7.093940e-01 0
8.800000e-01 7.093940e-01 0
8.800000e-01 7.093940e-01 0
8.800000e-01 7.093940e-01 0
8.800000e-01 7.093940e-01 0
8.800000e-01 7.093940e-01 0
8.800000e-01 7.093940e-01 0
8.800000e-01 7.093940e-01 0
8.800000e-01 7.093940e-01 0
8.800000e-01 7.093940e-01 0
8.800000e-01 7.093940e-01 0
8.800000e-01 7.093940e-01 0
8.800000e-01 7.093940e-01 0
8.800000e-01 7.093940e-01 0
8.800000e-01 7.093940e-01 0
8.800000e-01 7.093940e-01 0
8.800000e-01 7.093940e-01 0
8.800000e-01 7.093940e-01 0
8.800000e-01 7.093940e-01 0
8.800000e-01 7.093940e-01 0
8.800000e-01 7.093940e-01 0
8.800000e-01 7.093940e-01 0
8.800000e-01 7.093940e-01 0
8.800000e-01 7.093940e-01 0
8.800000e-01 7.093940e-01 0
8.800000e-01 7.093940e-01 0
8.800000e-01 7.093940e-01 0
8.800000e-01 7.093940e-01 0
8.800000e-01 7.093940e-01 0
8.800000e-01 7.093940e-01 0
8.800000e-01 7.093940e-01 0
8.800000e-01 7.093940e-01 0
8.800000e-01 7.093940e-01 0
8.800000e-01 7.093940e-01 0
8.800000e-01 7.093940e-01 0
8.800000e-01 7.093940e-01 0
8.800000e-01 7.093940e-01 0
8.800000e-01 7.093940e-01 0
8.800000e-01 7.093940e-01 0
8.800000e-01 7.093940e-01 0
8.800000e-01 7.093940e-01 0
8.800000e-01 7.093940e-01 0
8.800000e-01 7.093940e-01 0
8.800000e-01 7.093940e-01 0
8.800000e-01 7.093940e-01 0
8.800000e-01 7.093940e-01 0
8.800000e-01 7.093940e-01 0
8.800000e-01 7.093940e-01 0
8.800000e-01 7.093940e-01 0
8.800000e-01 7.093940e-01 0
8.800000e-01 7.093940e-01 0
8.800000e-01 7.093940e-01 0
8.800000e-01 7.093940e-01 0
8.800000e-01 7.093940e-01 0
8.800000e-01 7.093940e-01 0
8.800000e-01 7.093940e-01 0
8.800000e-01 7.093940e-01 0
8.800000e-01 7.093940e-01 0
8.800000e-01 7.093940e-01 0
8.800000e-01 7.093940e-01 0
8.800000e-01 7.093940e-01 0
8.800000e-01 7.093940e-01 0
8.800000e-01 7.093940e-01 0
8.800000e-01 7.093940e-01 0
