8.800000e-01 2.593940e-01 0
8.800000e-01 2.593940e-01 0
8.800000e-01 2.593940e-01 0
8.800000e-01 2.593940e-01 0
8.800000e-01 2.593940e-01 0
8.800000e-01 2.593940e-01 0
8.800000e-01 2.593940e-01 0
8.800000e-01 2.593940e-01 0
8.800000e-01 2.593940e-01 0
8.800000e-01 2.593940e-01 0
8.800000e-01 2.593940e-01 0
8.800000e-01 2.593940e-01 0
8.800000e-01 2.593940e-01 0
8.800000e-01 2.593940e-01 0
8.800000e-01 2.593940e-01 0
8.800000e-01 2.593940e-01 0
8.800000e-01 2.593940e-01 0
8.800000e-01 2.593940e-01 0
8.800000e-01 2.593940e-01 0
8.800000e-01 2.593940e-01 0
8.800000e-01 2.593940e-01 0
8.800000e-01 2.593940e-01 0
8.800000e-01 2.593940e-01 0
8.800000e-01 2.593940e-01 0
8.800000e-01 2.593940e-01 0
8.800000e-01 2.593940e-01 0
8.800000e-01 2.593940e-01 0
8.800000e-01 2.593940e-01 0
8.800000e-01 2.593940e-01 0
8.800000e-01 2.593940e-01 0
8.800000e-01 2.593940e-01 0
8.800000e-01 2.593940e-01 0
8.800000e-01 2.593940e-01 0
8.800000e-01 2.593940e-01 0
8.800000e-01 2.593940e-01 0
8.800000e-01 2.593940e-01 0
8.800000e-01 2.593940e-01 0
8.800000e-01 2.593940e-01 0
8.800000e-01 2.593940e-01 0
8.800000e-01 2.593940e-01 0
8.800000e-01 2.593940e-01 0
8.800000e-01 2.593940e-01 0
8.800000e-01 2.593940e-01 0
8.800000e-01 2.593940e-01 0
8.800000e-01 2.593940e-01 0
8.800000e-01 2.593940e-01 0
8.800000e-01 2.593940e-01 0
8.800000e-01 2.593940e-01 0
8.800000e-01 2.593940e-01 0
8.800000e-01 2.593940e-01 0
8.807071e-01 2.601011e-01 1.568000e-03
8.814142e-01 2.608082e-01 3.072000e-03
8.821212e-01 2.615153e-01 4.512000e-03
8.828283e-01 2.622224e-01 5.888000e-03
8.835354e-01 2.629295e-01 7.200000e-03
8.842425e-01 2.636366e-01 8.448000e-03
8.849496e-01 2.643437e-01 9.632000e-03
8.856567e-01 2.650509e-01 1.075200e-02
8.863637e-01 2.657580e-01 1.180800e-02
8.870708e-01 2.664651e-01 1.280000e-02
8.877779e-01 2.671722e-01 1.372800e-02
8.884850e-01 2.678793e-01 1.459200e-02
8.891921e-01 2.685864e-01 1.539200e-02
8.898992e-01 2.692935e-01 1.612800e-02
8.906062e-01 2.700006e-01 1.680000e-02
8.913133e-01 2.707077e-01 1.740800e-02
8.920204e-01 2.714148e-01 1.795200e-02
8.927275e-01 2.721219e-01 1.843200e-02
8.934346e-01 2.728290e-01 1.884800e-02
8.941417e-01 2.735361e-01 1.920000e-02
8.948487e-01 2.742432e-01 1.948800e-02
8.955558e-01 2.749503e-01 1.971200e-02
8.962629e-01 2.756575e-01 1.987200e-02
8.969700e-01 2.763646e-01 1.996800e-02
8.976771e-01 2.770717e-01 2.000000e-02
8.983842e-01 2.777788e-01 1.996800e-02
8.990912e-01 2.784859e-01 1.987200e-02
8.997983e-01 2.791930e-01 1.971200e-02
9.005054e-01 2.799001e-01 1.948800e-02
9.012125e-01 2.806072e-01 1.920000e-02
9.019196e-01 2.813143e-01 1.884800e-02
9.026266e-01 2.820214e-01 1.843200e-02
9.033337e-01 2.827285e-01 1.795200e-02
9.040408e-01 2.834356e-01 1.740800e-02
9.047479e-01 2.841427e-01 1.680000e-02
9.054550e-01 2.848498e-01 1.612800e-02
9.061621e-01 2.855569e-01 1.539200e-02
9.068691e-01 2.862641e-01 1.459200e-02
9.075762e-01 2.869712e-01 1.372800e-02
9.082833e-01 2.876783e-01 1.280000e-02
9.089904e-01 2.883854e-01 1.180800e-02
9.096975e-01 2.890925e-01 1.075200e-02
9.104046e-01 2.897996e-01 9.632000e-03
9.111116e-01 2.905067e-01 8.448000e-03
9.118187e-01 2.912138e-01 7.200000e-03
9.125258e-01 2.919209e-01 5.888000e-03
9.132329e-01 2.926280e-01 4.512000e-03
9.139400e-01 2.933351e-01 3.072000e-03
9.146471e-01 2.940422e-01 1.568000e-03
9.153541e-01 2.947493e-01 0
9.153541e-01 2.947493e-01 0
9.153541e-01 2.947493e-01 0
9.153541e-01 2.947493e-01 0
9.153541e-01 2.947493e-01 0
9.153541e-01 2.947493e-01 0
9.153541e-01 2.947493e-01 0
9.153541e-01 2.947493e-01 0
9.153541e-01 2.947493e-01 0
9.153541e-01 2.947493e-01 0
9.153541e-01 2.947493e-01 0
9.153541e-01 2.947493e-01 0
9.153541e-01 2.947493e-01 0
9.153541e-01 2.947493e-01 0
9.153541e-01 2.947493e-01 0
9.153541e-01 2.947493e-01 0
9.153541e-01 2.947493e-01 0
9.153541e-01 2.947493e-01 0
9.153541e-01 2.947493e-01 0
9.153541e-01 2.947493e-01 0
9.153541e-01 2.947493e-01 0
9.153541e-01 2.947493e-01 0
9.153541e-01 2.947493e-01 0
9.153541e-01 2.947493e-01 0
9.153541e-01 2.947493e-01 0
9.153541e-01 2.947493e-01 0
9.153541e-01 2.947493e-01 0
9.153541e-01 2.947493e-01 0
9.153541e-01 2.947493e-01 0
9.153541e-01 2.947493e-01 0
9.153541e-01 2.947493e-01 0
9.153541e-01 2.947493e-01 0
9.153541e-01 2.947493e-01 0
9.153541e-01 2.947493e-01 0
9.153541e-01 2.947493e-01 0
9.153541e-01 2.947493e-01 0
9.153541e-01 2.947493e-01 0
9.153541e-01 2.947493e-01 0
9.153541e-01 2.947493e-01 0
9.153541e-01 2.947493e-01 0
9.153541e-01 2.947493e-01 0
9.153541e-01 2.947493e-01 0
9.153541e-01 2.947493e-01 0
9.153541e-01 2.947493e-01 0
9.153541e-01 2.947493e-01 0
9.153541e-01 2.947493e-01 0
9.153541e-01 2.947493e-01 0
9.153541e-01 2.947493e-01 0
9.153541e-01 2.947493e-01 0
9.153541e-01 2.947493e-01 0
9.153541e-01 2.947493e-01 0
9.153541e-01 2.947493e-01 0
9.153541e-01 2.947493e-01 0
9.153541e-01 2.947493e-01 0
9.153541e-01 2.947493e-01 0
9.153541e-01 2.947493e-01 0
9.153541e-01 2.947493e-01 0
9.153541e-01 2.947493e-01 0
9.153541e-01 2.947493e-01 0
9.153541e-01 2.947493e-01 0
9.153541e-01 2.947493e-01 0
9.153541e-01 2.947493e-01 0
9.153541e-01 2.947493e-01 0
9.153541e-01 2.947493e-01 0
9.153541e-01 2.947493e-01 0
9.153541e-01 2.947493e-01 0
9.153541e-01 2.947493e-01 0
9.153541e-01 2.947493e-01 0
9.153541e-01 2.947493e-01 0
9.153541e-01 2.947493e-01 0
9.153541e-01 2.947493e-01 0
9.153541e-01 2.947493e-01 0
9.153541e-01 2.947493e-01 0
9.153541e-01 2.947493e-01 0
9.153541e-01 2.947493e-01 0
9.153541e-01 2.947493e-01 0
9.153541e-01 2.947493e-01 0
9.153541e-01 2.947493e-01 0
9.153541e-01 2.947493e-01 0
9.153541e-01 2.947493e-01 0
9.153541e-01 2.947493e-01 0
9.153541e-01 2.947493e-01 0
9.153541e-01 2.947493e-01 0
9.153541e-01 2.947493e-01 0
9.153541e-01 2.947493e-01 0
9.153541e-01 2.947493e-01 0
9.153541e-01 2.947493e-01 0
9.153541e-01 2.947493e-01 0
9.153541e-01 2.947493e-01 0
9.153541e-01 2.947493e-01 0
9.153541e-01 2.947493e-01 0
9.153541e-01 2.947493e-01 0
9.153541e-01 2.947493e-01 0
9.153541e-01 2.947493e-01 0
9.153541e-01 2.947493e-01 0
9.153541e-01 2.947493e-01 0
9.153541e-01 2.947493e-01 0
9.153541e-01 2.947493e-01 0
9.153541e-01 2.947493e-01 0
9.153541e-01 2.947493e-01 0
9.153541e-01 2.947493e-01 0
9.153541e-01 2.947493e-01 0
9.153541e-01 2.947493e-01 0
9.153541e-01 2.947493e-01 0
9.153541e-01 2.947493e-01 0
9.153541e-01 2.947493e-01 0
9.153541e-01 2.947493e-01 0
9.153541e-01 2.947493e-01 0
9.153541e-01 2.947493e-01 0
9.153541e-01 2.947493e-01 0
9.153541e-01 2.947493e-01 0
9.153541e-01 2.947493e-01 0
9.153541e-01 2.947493e-01 0
9.153541e-01 2.947493e-01 0
9.153541e-01 2.947493e-01 0
9.153541e-01 2.947493e-01 0
9.153541e-01 2.947493e-01 0
9.153541e-01 2.947493e-01 0
9.153541e-01 2.947493e-01 0
9.153541e-01 2.947493e-01 0
9.153541e-01 2.947493e-01 0
9.153541e-01 2.947493e-01 0
9.153541e-01 2.947493e-01 0
9.153541e-01 2.947493e-01 0
9.153541e-01 2.947493e-01 0
9.153541e-01 2.947493e-01 0
9.153541e-01 2.947493e-01 0
9.153541e-01 2.947493e-01 0
9.153541e-01 2.947493e-01 0
9.153541e-01 2.947493e-01 0
9.153541e-01 2.947493e-01 0
9.153541e-01 2.947493e-01 0
9.153541e-01 2.947493e-01 0
9.153541e-01 2.947493e-01 0
9.153541e-01 2.947493e-01 0
9.153541e-01 2.947493e-01 0
9.153541e-01 2.947493e-01 0
9.153541e-01 2.947493e-01 0
9.153541e-01 2.947493e-01 0
9.153541e-01 2.947493e-01 0
9.153541e-01 2.947493e-01 0
9.153541e-01 2.947493e-01 0
9.153541e-01 2.947493e-01 0
9.153541e-01 2.947493e-01 0
9.153541e-01 2.947493e-01 0
9.153541e-01 2.947493e-01 0
9.153541e-01 2.947493e-01 0
9.153541e-01 2.947493e-01 0
9.153541e-01 2.947493e-01 0
9.153541e-01 2.947493e-01 0
9.153541e-01 2.947493e-01 0
9.153541e-01 2.947493e-01 0
9.153541e-01 2.947493e-01 0
9.153541e-01 2.947493e-01 0
9.153541e-01 2.947493e-01 0
9.153541e-01 2.947493e-01 0
9.153541e-01 2.947493e-01 0
9.153541e-01 2.947493e-01 0
9.153541e-01 2.947493e-01 0
9.153541e-01 2.947493e-01 0
9.153541e-01 2.947493e-01 0
9.153541e-01 2.947493e-01 0
9.153541e-01 2.947493e-01 0
9.153541e-01 2.947493e-01 0
9.153541e-01 2.947493e-01 0
9.153541e-01 2.947493e-01 0
9.153541e-01 2.947493e-01 0
9.153541e-01 2.947493e-01 0
9.153541e-01 2.947493e-01 0
9.153541e-01 2.947493e-01 0
9.153541e-01 2.947493e-01 0
9.153541e-01 2.947493e-01 0
9.153541e-01 2.947493e-01 0
9.153541e-01 2.947493e-01 0
9.153541e-01 2.947493e-01 0
9.153541e-01 2.947493e-01 0
9.153541e-01 2.947493e-01 0
9.153541e-01 2.947493e-01 0
9.153541e-01 2.947493e-01 0
9.153541e-01 2.947493e-01 0
9.153541e-01 2.947493e-01 0
9.153541e-01 2.947493e-01 0
9.153541e-01 2.947493e-01 0
9.153541e-01 2.947493e-01 0
9.153541e-01 2.947493e-01 0
9.153541e-01 2.947493e-01 0
9.153541e-01 2.947493e-01 0
9.153541e-01 2.947493e-01 0
9.153541e-01 2.947493e-01 0
9.153541e-01 2.947493e-01 0
9.153541e-01 2.947493e-01 0
9.153541e-01 2.947493e-01 0
9.153541e-01 2.947493e-01 0
9.153541e-01 2.947493e-01 0
9.153541e-01 2.947493e-01 0
9.153541e-01 2.947493e-01 0
9.153541e-01 2.947493e-01 0
9.153541e-01 2.947493e-01 0
9.153541e-01 2.947493e-01 0
9.153541e-01 2.947493e-01 0
9.153541e-01 2.947493e-01 0
9.153541e-01 2.947493e-01 0
9.153541e-01 2.947493e-01 0
9.153541e-01 2.947493e-01 0
9.153541e-01 2.947493e-01 0
9.153541e-01 2.947493e-01 0
9.153541e-01 2.947493e-01 0
9.153541e-01 2.947493e-01 0
9.153541e-01 2.947493e-01 0
9.153541e-01 2.947493e-01 0
9.153541e-01 2.947493e-01 0
9.153541e-01 2.947493e-01 0
9.153541e-01 2.947493e-01 0
9.153541e-01 2.947493e-01 0
9.153541e-01 2.947493e-01 0
9.153541e-01 2.947493e-01 0
9.153541e-01 2.947493e-01 0
9.153541e-01 2.947493e-01 0
9.153541e-01 2.947493e-01 0
9.153541e-01 2.947493e-01 0
9.153541e-01 2.947493e-01 0
9.153541e-01 2.947493e-01 0
9.153541e-01 2.947493e-01 0
9.153541e-01 2.947493e-01 0
9.153541e-01 2.947493e-01 0
9.153541e-01 2.947493e-01 0
9.153541e-01 2.947493e-01 0
9.153541e-01 2.947493e-01 0
9.153541e-01 2.947493e-01 0
9.153541e-01 2.947493e-01 0
9.153541e-01 2.947493e-01 0
9.153541e-01 2.947493e-01 0
9.153541e-01 2.947493e-01 0
9.153541e-01 2.947493e-01 0
9.153541e-01 2.947493e-01 0
9.153541e-01 2.947493e-01 0
9.153541e-01 2.947493e-01 0
9.153541e-01 2.947493e-01 0
9.153541e-01 2.947493e-01 0
9.153541e-01 2.947493e-01 0
9.153541e-01 2.947493e-01 0
9.153541e-01 2.947493e-01 0
9.153541e-01 2.947493e-01 0
9.153541e-01 2.947493e-01 0
9.153541e-01 2.947493e-01 0
9.153541e-01 2.947493e-01 0
9.153541e-01 2.947493e-01 0
9.153541e-01 2.947493e-01 0
9.153541e-01 2.947493e-01 0
9.153541e-01 2.947493e-01 0
9.153541e-01 2.947493e-01 0
9.153541e-01 2.947493e-01 0
9.153541e-01 2.947493e-01 0
9.153541e-01 2.947493e-01 0
9.153541e-01 2.947493e-01 0
9.153541e-01 2.947493e-01 0
9.153541e-01 2.947493e-01 0
9.153541e-01 2.947493e-01 0
9.153541e-01 2.947493e-01 0
9.153541e-01 2.947493e-01 0
9.153541e-01 2.947493e-01 0
9.153541e-01 2.947493e-01 0
9.153541e-01 2.947493e-01 0
9.153541e-01 2.947493e-01 0
9.153541e-01 2.947493e-01 0
9.153541e-01 2.947493e-01 0
9.153541e-01 2.947493e-01 0
9.153541e-01 2.947493e-01 0
9.153541e-01 2.947493e-01 0
9.153541e-01 2.947493e-01 0
9.153541e-01 2.947493e-01 0
9.153541e-01 2.947493e-01 0
9.153541e-01 2.947493e-01 0
9.153541e-01 2.947493e-01 0
9.153541e-01 2.947493e-01 0
9.153541e-01 2.947493e-01 0
9.153541e-01 2.947493e-01 0
9.153541e-01 2.947493e-01 0
9.153541e-01 2.947493e-01 0
9.153541e-01 2.947493e-01 0
9.153541e-01 2.947493e-01 0
9.153541e-01 2.947493e-01 0
9.153541e-01 2.947493e-01 0
9.153541e-01 2.947493e-01 0
9.153541e-01 2.947493e-01 0
9.153541e-01 2.947493e-01 0
9.153541e-01 2.947493e-01 0
9.153541e-01 2.947493e-01 0
9.153541e-01 2.947493e-01 0
9.153541e-01 2.947493e-01 0
9.153541e-01 2.947493e-01 0
9.153541e-01 2.947493e-01 0
9.153541e-01 2.947493e-01 0
9.153541e-01 2.947493e-01 0
9.153541e-01 2.947493e-01 0
9.153541e-01 2.947493e-01 0
9.153541e-01 2.947493e-01 0
9.153541e-01 2.947493e-01 0
9.153541e-01 2.947493e-01 0
9.153541e-01 2.947493e-01 0
9.153541e-01 2.947493e-01 0
9.153541e-01 2.947493e-01 0
9.153541e-01 2.947493e-01 0
9.153541e-01 2.947493e-01 0
9.153541e-01 2.947493e-01 0
9.153541e-01 2.947493e-01 0
9.153541e-01 2.947493e-01 0
9.153541e-01 2.947493e-01 0
9.153541e-01 2.947493e-01 0
9.153541e-01 2.947493e-01 0
9.153541e-01 2.947493e-01 0
9.153541e-01 2.947493e-01 0
9.153541e-01 2.947493e-01 0
9.153541e-01 2.947493e-01 0
9.153541e-01 2.947493e-01 0
9.153541e-01 2.947493e-01 0
9.153541e-01 2.947493e-01 0
9.153541e-01 2.947493e-01 0
9.153541e-01 2.947493e-01 0
9.153541e-01 2.947493e-01 0
9.153541e-01 2.947493e-01 0
9.153541e-01 2.947493e-01 0
9.153541e-01 2.947493e-01 0
9.153541e-01 2.947493e-01 0
9.153541e-01 2.947493e-01 0
9.153541e-01 2.947493e-01 0
9.153541e-01 2.947493e-01 0
9.153541e-01 2.947493e-01 0
9.153541e-01 2.947493e-01 0
9.153541e-01 2.947493e-01 0
9.153541e-01 2.947493e-01 0
9.153541e-01 2.947493e-01 0
9.153541e-01 2.947493e-01 0
9.153541e-01 2.947493e-01 0
9.153541e-01 2.947493e-01 0
9.153541e-01 2.947493e-01 0
9.153541e-01 2.947493e-01 0
9.153541e-01 2.947493e-01 0
9.153541e-01 2.947493e-01 0
9.153541e-01 2.947493e-01 0
9.153541e-01 2.947493e-01 0
9.153541e-01 2.947493e-01 0
9.153541e-01 2.947493e-01 0
9.153541e-01 2.947493e-01 0
9.153541e-01 2.947493e-01 0
9.153541e-01 2.947493e-01 0
9.153541e-01 2.947493e-01 0
9.153541e-01 2.947493e-01 0
9.153541e-01 2.947493e-01 0
9.153541e-01 2.947493e-01 0
9.153541e-01 2.947493e-01 0
9.167684e-01 2.961635e-01 1.568000e-03
9.181826e-01 2.975778e-01 3.072000e-03
9.195968e-01 2.989920e-01 4.512000e-03
9.210111e-01 3.004062e-01 5.888000e-03
9.224253e-01 3.018204e-01 7.200000e-03
9.238396e-01 3.032346e-01 8.448000e-03
9.252538e-01 3.046488e-01 9.632000e-03
9.266680e-01 3.060630e-01 1.075200e-02
9.280823e-01 3.074773e-01 1.180800e-02
9.294965e-01 3.088915e-01 1.280000e-02
9.309107e-01 3.103057e-01 1.372800e-02
9.323250e-01 3.117199e-01 1.459200e-02
9.337392e-01 3.131341e-01 1.539200e-02
9.351535e-01 3.145483e-01 1.612800e-02
9.365677e-01 3.159625e-01 1.680000e-02
9.379819e-01 3.173768e-01 1.740800e-02
9.393962e-01 3.187910e-01 1.795200e-02
9.408104e-01 3.202052e-01 1.843200e-02
9.422247e-01 3.216194e-01 1.884800e-02
9.436389e-01 3.230336e-01 1.920000e-02
9.450531e-01 3.244478e-01 1.948800e-02
9.464674e-01 3.258620e-01 1.971200e-02
9.478816e-01 3.272762e-01 1.987200e-02
9.492958e-01 3.286905e-01 1.996800e-02
9.507101e-01 3.301047e-01 2.000000e-02
9.521243e-01 3.315189e-01 1.996800e-02
9.535386e-01 3.329331e-01 1.987200e-02
9.549528e-01 3.343473e-01 1.971200e-02
9.563670e-01 3.357615e-01 1.948800e-02
9.577813e-01 3.371757e-01 1.920000e-02
9.591955e-01 3.385900e-01 1.884800e-02
9.606097e-01 3.400042e-01 1.843200e-02
9.620240e-01 3.414184e-01 1.795200e-02
9.634382e-01 3.428326e-01 1.740800e-02
9.648525e-01 3.442468e-01 1.680000e-02
9.662667e-01 3.456610e-01 1.612800e-02
9.676809e-01 3.470752e-01 1.539200e-02
9.690952e-01 3.484895e-01 1.459200e-02
9.705094e-01 3.499037e-01 1.372800e-02
9.719236e-01 3.513179e-01 1.280000e-02
9.733379e-01 3.527321e-01 1.180800e-02
9.747521e-01 3.541463e-01 1.075200e-02
9.761664e-01 3.555605e-01 9.632000e-03
9.775806e-01 3.569747e-01 8.448000e-03
9.789948e-01 3.583889e-01 7.200000e-03
9.804091e-01 3.598032e-01 5.888000e-03
9.818233e-01 3.612174e-01 4.512000e-03
9.832375e-01 3.626316e-01 3.072000e-03
9.846518e-01 3.640458e-01 1.568000e-03
9.860660e-01 3.654600e-01 0
9.860660e-01 3.654600e-01 0
9.860660e-01 3.654600e-01 0
9.860660e-01 3.654600e-01 0
9.860660e-01 3.654600e-01 0
9.860660e-01 3.654600e-01 0
9.860660e-01 3.654600e-01 0
9.860660e-01 3.654600e-01 0
9.860660e-01 3.654600e-01 0
9.860660e-01 3.654600e-01 0
9.860660e-01 3.654600e-01 0
9.860660e-01 3.654600e-01 0
9.860660e-01 3.654600e-01 0
9.860660e-01 3.654600e-01 0
9.860660e-01 3.654600e-01 0
9.860660e-01 3.654600e-01 0
9.860660e-01 3.654600e-01 0
9.860660e-01 3.654600e-01 0
9.860660e-01 3.654600e-01 0
9.860660e-01 3.654600e-01 0
9.860660e-01 3.654600e-01 0
9.860660e-01 3.654600e-01 0
9.860660e-01 3.654600e-01 0
9.860660e-01 3.654600e-01 0
9.860660e-01 3.654600e-01 0
9.860660e-01 3.654600e-01 0
9.860660e-01 3.654600e-01 0
9.860660e-01 3.654600e-01 0
9.860660e-01 3.654600e-01 0
9.860660e-01 3.654600e-01 0
9.860660e-01 3.654600e-01 0
9.860660e-01 3.654600e-01 0
9.860660e-01 3.654600e-01 0
9.860660e-01 3.654600e-01 0
9.860660e-01 3.654600e-01 0
9.860660e-01 3.654600e-01 0
9.860660e-01 3.654600e-01 0
9.860660e-01 3.654600e-01 0
9.860660e-01 3.654600e-01 0
9.860660e-01 3.654600e-01 0
9.860660e-01 3.654600e-01 0
9.860660e-01 3.654600e-01 0
9.860660e-01 3.654600e-01 0
9.860660e-01 3.654600e-01 0
9.860660e-01 3.654600e-01 0
9.860660e-01 3.654600e-01 0
9.860660e-01 3.654600e-01 0
9.860660e-01 3.654600e-01 0
9.860660e-01 3.654600e-01 0
9.860660e-01 3.654600e-01 0
9.860660e-01 3.654600e-01 0
9.860660e-01 3.654600e-01 0
9.860660e-01 3.654600e-01 0
9.860660e-01 3.654600e-01 0
9.860660e-01 3.654600e-01 0
9.860660e-01 3.654600e-01 0
9.860660e-01 3.654600e-01 0
9.860660e-01 3.654600e-01 0
9.860660e-01 3.654600e-01 0
9.860660e-01 3.654600e-01 0
9.860660e-01 3.654600e-01 0
9.860660e-01 3.654600e-01 0
9.860660e-01 3.654600e-01 0
9.860660e-01 3.654600e-01 0
9.860660e-01 3.654600e-01 0
9.860660e-01 3.654600e-01 0
9.860660e-01 3.654600e-01 0
9.860660e-01 3.654600e-01 0
9.860660e-01 3.654600e-01 0
9.860660e-01 3.654600e-01 0
9.860660e-01 3.654600e-01 0
9.860660e-01 3.654600e-01 0
9.860660e-01 3.654600e-01 0
9.860660e-01 3.654600e-01 0
9.860660e-01 3.654600e-01 0
9.860660e-01 3.654600e-01 0
9.860660e-01 3.654600e-01 0
9.860660e-01 3.654600e-01 0
9.860660e-01 3.654600e-01 0
9.860660e-01 3.654600e-01 0
9.860660e-01 3.654600e-01 0
9.860660e-01 3.654600e-01 0
9.860660e-01 3.654600e-01 0
9.860660e-01 3.654600e-01 0
9.860660e-01 3.654600e-01 0
9.860660e-01 3.654600e-01 0
9.860660e-01 3.654600e-01 0
9.860660e-01 3.654600e-01 0
9.860660e-01 3.654600e-01 0
9.860660e-01 3.654600e-01 0
9.860660e-01 3.654600e-01 0
9.860660e-01 3.654600e-01 0
9.860660e-01 3.654600e-01 0
9.860660e-01 3.654600e-01 0
9.860660e-01 3.654600e-01 0
9.860660e-01 3.654600e-01 0
9.860660e-01 3.654600e-01 0
9.860660e-01 3.654600e-01 0
9.860660e-01 3.654600e-01 0
9.860660e-01 3.654600e-01 0
9.860660e-01 3.654600e-01 0
9.860660e-01 3.654600e-01 0
9.860660e-01 3.654600e-01 0
9.860660e-01 3.654600e-01 0
9.860660e-01 3.654600e-01 0
9.860660e-01 3.654600e-01 0
9.860660e-01 3.654600e-01 0
9.860660e-01 3.654600e-01 0
9.860660e-01 3.654600e-01 0
9.860660e-01 3.654600e-01 0
9.860660e-01 3.654600e-01 0
9.860660e-01 3.654600e-01 0
9.860660e-01 3.654600e-01 0
9.860660e-01 3.654600e-01 0
9.860660e-01 3.654600e-01 0
9.860660e-01 3.654600e-01 0
9.860660e-01 3.654600e-01 0
9.860660e-01 3.654600e-01 0
9.860660e-01 3.654600e-01 0
9.860660e-01 3.654600e-01 0
9.860660e-01 3.654600e-01 0
9.860660e-01 3.654600e-01 0
9.860660e-01 3.654600e-01 0
9.860660e-01 3.654600e-01 0
9.860660e-01 3.654600e-01 0
9.860660e-01 3.654600e-01 0
9.860660e-01 3.654600e-01 0
9.860660e-01 3.654600e-01 0
9.860660e-01 3.654600e-01 0
9.860660e-01 3.654600e-01 0
9.860660e-01 3.654600e-01 0
9.860660e-01 3.654600e-01 0
9.860660e-01 3.654600e-01 0
9.860660e-01 3.654600e-01 0
9.860660e-01 3.654600e-01 0
9.860660e-01 3.654600e-01 0
9.860660e-01 3.654600e-01 0
9.860660e-01 3.654600e-01 0
9.860660e-01 3.654600e-01 0
9.860660e-01 3.654600e-01 0
9.860660e-01 3.654600e-01 0
9.860660e-01 3.654600e-01 0
9.860660e-01 3.654600e-01 0
9.860660e-01 3.654600e-01 0
9.860660e-01 3.654600e-01 0
9.860660e-01 3.654600e-01 0
9.860660e-01 3.654600e-01 0
9.860660e-01 3.654600e-01 0
9.860660e-01 3.654600e-01 0
9.860660e-01 3.654600e-01 0
9.860660e-01 3.654600e-01 0
9.860660e-01 3.654600e-01 0
9.860660e-01 3.654600e-01 0
9.860660e-01 3.654600e-01 0
9.860660e-01 3.654600e-01 0
9.860660e-01 3.654600e-01 0
9.860660e-01 3.654600e-01 0
9.860660e-01 3.654600e-01 0
9.860660e-01 3.654600e-01 0
9.860660e-01 3.654600e-01 0
9.860660e-01 3.654600e-01 0
9.860660e-01 3.654600e-01 0
9.860660e-01 3.654600e-01 0
9.860660e-01 3.654600e-01 0
9.860660e-01 3.654600e-01 0
9.860660e-01 3.654600e-01 0
9.860660e-01 3.654600e-01 0
9.860660e-01 3.654600e-01 0
9.860660e-01 3.654600e-01 0
9.860660e-01 3.654600e-01 0
9.860660e-01 3.654600e-01 0
9.860660e-01 3.654600e-01 0
9.860660e-01 3.654600e-01 0
9.860660e-01 3.654600e-01 0
9.860660e-01 3.654600e-01 0
9.860660e-01 3.654600e-01 0
9.860660e-01 3.654600e-01 0
9.860660e-01 3.654600e-01 0
9.860660e-01 3.654600e-01 0
9.860660e-01 3.654600e-01 0
9.860660e-01 3.654600e-01 0
9.860660e-01 3.654600e-01 0
9.860660e-01 3.654600e-01 0
9.860660e-01 3.654600e-01 0
9.860660e-01 3.654600e-01 0
9.860660e-01 3.654600e-01 0
9.860660e-01 3.654600e-01 0
9.860660e-01 3.654600e-01 0
9.860660e-01 3.654600e-01 0
9.860660e-01 3.654600e-01 0
9.860660e-01 3.654600e-01 0
9.860660e-01 3.654600e-01 0
9.860660e-01 3.654600e-01 0
9.860660e-01 3.654600e-01 0
9.860660e-01 3.654600e-01 0
9.860660e-01 3.654600e-01 0
9.860660e-01 3.654600e-01 0
9.860660e-01 3.654600e-01 0
9.860660e-01 3.654600e-01 0
9.860660e-01 3.654600e-01 0
9.860660e-01 3.654600e-01 0
9.860660e-01 3.654600e-01 0
9.860660e-01 3.654600e-01 0
9.860660e-01 3.654600e-01 0
9.860660e-01 3.654600e-01 0
9.860660e-01 3.654600e-01 0
9.860660e-01 3.654600e-01 0
9.860660e-01 3.654600e-01 0
9.860660e-01 3.654600e-01 0
9.860660e-01 3.654600e-01 0
9.860660e-01 3.654600e-01 0
9.860660e-01 3.654600e-01 0
9.860660e-01 3.654600e-01 0
9.860660e-01 3.654600e-01 0
9.860660e-01 3.654600e-01 0
9.860660e-01 3.654600e-01 0
9.860660e-01 3.654600e-01 0
9.860660e-01 3.654600e-01 0
9.860660e-01 3.654600e-01 0
9.860660e-01 3.654600e-01 0
9.860660e-01 3.654600e-01 0
9.860660e-01 3.654600e-01 0
9.860660e-01 3.654600e-01 0
9.860660e-01 3.654600e-01 0
9.860660e-01 3.654600e-01 0
9.860660e-01 3.654600e-01 0
9.860660e-01 3.654600e-01 0
9.860660e-01 3.654600e-01 0
9.860660e-01 3.654600e-01 0
9.860660e-01 3.654600e-01 0
9.860660e-01 3.654600e-01 0
9.860660e-01 3.654600e-01 0
9.860660e-01 3.654600e-01 0
9.860660e-01 3.654600e-01 0
9.860660e-01 3.654600e-01 0
9.860660e-01 3.654600e-01 0
9.860660e-01 3.654600e-01 0
9.860660e-01 3.654600e-01 0
9.860660e-01 3.654600e-01 0
9.860660e-01 3.654600e-01 0
9.860660e-01 3.654600e-01 0
9.860660e-01 3.654600e-01 0
9.860660e-01 3.654600e-01 0
9.860660e-01 3.654600e-01 0
9.860660e-01 3.654600e-01 0
9.860660e-01 3.654600e-01 0
9.860660e-01 3.654600e-01 0
9.860660e-01 3.654600e-01 0
9.860660e-01 3.654600e-01 0
9.860660e-01 3.654600e-01 0
9.860660e-01 3.654600e-01 0
9.860660e-01 3.654600e-01 0
9.860660e-01 3.654600e-01 0
9.860660e-01 3.654600e-01 0
9.860660e-01 3.654600e-01 0
9.860660e-01 3.654600e-01 0
9.860660e-01 3.654600e-01 0
9.860660e-01 3.654600e-01 0
9.860660e-01 3.654600e-01 0
9.860660e-01 3.654600e-01 0
9.860660e-01 3.654600e-01 0
9.860660e-01 3.654600e-01 0
9.860660e-01 3.654600e-01 0
9.860660e-01 3.654600e-01 0
9.860660e-01 3.654600e-01 0
9.860660e-01 3.654600e-01 0
9.860660e-01 3.654600e-01 0
9.860660e-01 3.654600e-01 0
9.860660e-01 3.654600e-01 0
9.860660e-01 3.654600e-01 0
9.860660e-01 3.654600e-01 0
9.860660e-01 3.654600e-01 0
9.860660e-01 3.654600e-01 0
9.860660e-01 3.654600e-01 0
9.860660e-01 3.654600e-01 0
9.860660e-01 3.654600e-01 0
9.860660e-01 3.654600e-01 0
9.860660e-01 3.654600e-01 0
9.860660e-01 3.654600e-01 0
9.860660e-01 3.654600e-01 0
9.860660e-01 3.654600e-01 0
9.860660e-01 3.654600e-01 0
9.860660e-01 3.654600e-01 0
9.860660e-01 3.654600e-01 0
9.860660e-01 3.654600e-01 0
9.860660e-01 3.654600e-01 0
9.860660e-01 3.654600e-01 0
9.860660e-01 3.654600e-01 0
9.860660e-01 3.654600e-01 0
9.860660e-01 3.654600e-01 0
9.860660e-01 3.654600e-01 0
9.860660e-01 3.654600e-01 0
9.860660e-01 3.654600e-01 0
9.860660e-01 3.654600e-01 0
9.860660e-01 3.654600e-01 0
9.860660e-01 3.654600e-01 0
9.860660e-01 3.654600e-01 0
9.860660e-01 3.654600e-01 0
9.860660e-01 3.654600e-01 0
9.860660e-01 3.654600e-01 0
9.860660e-01 3.654600e-01 0
9.860660e-01 3.654600e-01 0
9.860660e-01 3.654600e-01 0
9.860660e-01 3.654600e-01 0
9.860660e-01 3.654600e-01 0
9.860660e-01 3.654600e-01 0
9.860660e-01 3.654600e-01 0
9.860660e-01 3.654600e-01 0
9.860660e-01 3.654600e-01 0
9.860660e-01 3.654600e-01 0
9.860660e-01 3.654600e-01 0
9.860660e-01 3.654600e-01 0
9.860660e-01 3.654600e-01 0
9.860660e-01 3.654600e-01 0
9.860660e-01 3.654600e-01 0
9.860660e-01 3.654600e-01 0
9.860660e-01 3.654600e-01 0
9.860660e-01 3.654600e-01 0
9.860660e-01 3.654600e-01 0
9.860660e-01 3.654600e-01 0
9.860660e-01 3.654600e-01 0
9.860660e-01 3.654600e-01 0
9.860660e-01 3.654600e-01 0
9.860660e-01 3.654600e-01 0
9.860660e-01 3.654600e-01 0
9.860660e-01 3.654600e-01 0
9.860660e-01 3.654600e-01 0
9.860660e-01 3.654600e-01 0
9.860660e-01 3.654600e-01 0
9.860660e-01 3.654600e-01 0
9.860660e-01 3.654600e-01 0
9.860660e-01 3.654600e-01 0
9.860660e-01 3.654600e-01 0
9.860660e-01 3.654600e-01 0
9.860660e-01 3.654600e-01 0
9.860660e-01 3.654600e-01 0
9.860660e-01 3.654600e-01 0
9.860660e-01 3.654600e-01 0
9.860660e-01 3.654600e-01 0
9.860660e-01 3.654600e-01 0
9.860660e-01 3.654600e-01 0
9.860660e-01 3.654600e-01 0
9.860660e-01 3.654600e-01 0
9.860660e-01 3.654600e-01 0
9.860660e-01 3.654600e-01 0
9.860660e-01 3.654600e-01 0
9.860660e-01 3.654600e-01 0
9.860660e-01 3.654600e-01 0
9.860660e-01 3.654600e-01 0
9.860660e-01 3.654600e-01 0
9.860660e-01 3.654600e-01 0
9.874802e-01 3.668742e-01 1.568000e-03
9.888944e-01 3.682884e-01 3.072000e-03
9.903087e-01 3.697027e-01 4.512000e-03
9.917229e-01 3.711169e-01 5.888000e-03
9.931371e-01 3.725311e-01 7.200000e-03
9.945513e-01 3.739453e-01 8.448000e-03
9.959655e-01 3.753595e-01 9.632000e-03
9.973797e-01 3.767737e-01 1.075200e-02
9.987939e-01 3.781879e-01 1.180800e-02
1.000208e+00 3.796022e-01 1.280000e-02
1.001622e+00 3.810164e-01 1.372800e-02
1.003037e+00 3.824306e-01 1.459200e-02
1.004451e+00 3.838448e-01 1.539200e-02
1.005865e+00 3.852590e-01 1.612800e-02
1.007279e+00 3.866732e-01 1.680000e-02
1.008693e+00 3.880874e-01 1.740800e-02
1.010108e+00 3.895016e-01 1.795200e-02
1.011522e+00 3.909159e-01 1.843200e-02
1.012936e+00 3.923301e-01 1.884800e-02
1.014350e+00 3.937443e-01 1.920000e-02
1.015765e+00 3.951585e-01 1.948800e-02
1.017179e+00 3.965727e-01 1.971200e-02
1.018593e+00 3.979869e-01 1.987200e-02
1.020007e+00 3.994011e-01 1.996800e-02
1.021421e+00 4.008154e-01 2.000000e-02
1.022836e+00 4.022296e-01 1.996800e-02
1.024250e+00 4.036438e-01 1.987200e-02
1.025664e+00 4.050580e-01 1.971200e-02
1.027078e+00 4.064722e-01 1.948800e-02
1.028492e+00 4.078864e-01 1.920000e-02
1.029907e+00 4.093006e-01 1.884800e-02
1.031321e+00 4.107149e-01 1.843200e-02
1.032735e+00 4.121291e-01 1.795200e-02
1.034149e+00 4.135433e-01 1.740800e-02
1.035563e+00 4.149575e-01 1.680000e-02
1.036978e+00 4.163717e-01 1.612800e-02
1.038392e+00 4.177859e-01 1.539200e-02
1.039806e+00 4.192001e-01 1.459200e-02
1.041220e+00 4.206143e-01 1.372800e-02
1.042635e+00 4.220286e-01 1.280000e-02
1.044049e+00 4.234428e-01 1.180800e-02
1.045463e+00 4.248570e-01 1.075200e-02
1.046877e+00 4.262712e-01 9.632000e-03
1.048291e+00 4.276854e-01 8.448000e-03
1.049706e+00 4.290996e-01 7.200000e-03
1.051120e+00 4.305138e-01 5.888000e-03
1.052534e+00 4.319281e-01 4.512000e-03
1.053948e+00 4.333423e-01 3.072000e-03
1.055362e+00 4.347565e-01 1.568000e-03
1.056777e+00 4.361707e-01 0
1.056777e+00 4.361707e-01 0
1.056777e+00 4.361707e-01 0
1.056777e+00 4.361707e-01 0
1.056777e+00 4.361707e-01 0
1.056777e+00 4.361707e-01 0
1.056777e+00 4.361707e-01 0
1.056777e+00 4.361707e-01 0
1.056777e+00 4.361707e-01 0
1.056777e+00 4.361707e-01 0
1.056777e+00 4.361707e-01 0
1.056777e+00 4.361707e-01 0
1.056777e+00 4.361707e-01 0
1.056777e+00 4.361707e-01 0
1.056777e+00 4.361707e-01 0
1.056777e+00 4.361707e-01 0
1.056777e+00 4.361707e-01 0
1.056777e+00 4.361707e-01 0
1.056777e+00 4.361707e-01 0
1.056777e+00 4.361707e-01 0
1.056777e+00 4.361707e-01 0
1.056777e+00 4.361707e-01 0
1.056777e+00 4.361707e-01 0
1.056777e+00 4.361707e-01 0
1.056777e+00 4.361707e-01 0
1.056777e+00 4.361707e-01 0
1.056777e+00 4.361707e-01 0
1.056777e+00 4.361707e-01 0
1.056777e+00 4.361707e-01 0
1.056777e+00 4.361707e-01 0
1.056777e+00 4.361707e-01 0
1.056777e+00 4.361707e-01 0
1.056777e+00 4.361707e-01 0
1.056777e+00 4.361707e-01 0
1.056777e+00 4.361707e-01 0
1.056777e+00 4.361707e-01 0
1.056777e+00 4.361707e-01 0
1.056777e+00 4.361707e-01 0
1.056777e+00 4.361707e-01 0
1.056777e+00 4.361707e-01 0
1.056777e+00 4.361707e-01 0
1.056777e+00 4.361707e-01 0
1.056777e+00 4.361707e-01 0
1.056777e+00 4.361707e-01 0
1.056777e+00 4.361707e-01 0
1.056777e+00 4.361707e-01 0
1.056777e+00 4.361707e-01 0
1.056777e+00 4.361707e-01 0
1.056777e+00 4.361707e-01 0
1.056777e+00 4.361707e-01 0
1.056777e+00 4.361707e-01 0
1.056777e+00 4.361707e-01 0
1.056777e+00 4.361707e-01 0
1.056777e+00 4.361707e-01 0
1.056777e+00 4.361707e-01 0
1.056777e+00 4.361707e-01 0
1.056777e+00 4.361707e-01 0
1.056777e+00 4.361707e-01 0
1.056777e+00 4.361707e-01 0
1.056777e+00 4.361707e-01 0
1.056777e+00 4.361707e-01 0
1.056777e+00 4.361707e-01 0
1.056777e+00 4.361707e-01 0
1.056777e+00 4.361707e-01 0
1.056777e+00 4.361707e-01 0
1.056777e+00 4.361707e-01 0
1.056777e+00 4.361707e-01 0
1.056777e+00 4.361707e-01 0
1.056777e+00 4.361707e-01 0
1.056777e+00 4.361707e-01 0
1.056777e+00 4.361707e-01 0
1.056777e+00 4.361707e-01 0
1.056777e+00 4.361707e-01 0
1.056777e+00 4.361707e-01 0
1.056777e+00 4.361707e-01 0
1.056777e+00 4.361707e-01 0
1.056777e+00 4.361707e-01 0
1.056777e+00 4.361707e-01 0
1.056777e+00 4.361707e-01 0
1.056777e+00 4.361707e-01 0
1.056777e+00 4.361707e-01 0
1.056777e+00 4.361707e-01 0
1.056777e+00 4.361707e-01 0
1.056777e+00 4.361707e-01 0
1.056777e+00 4.361707e-01 0
1.056777e+00 4.361707e-01 0
1.056777e+00 4.361707e-01 0
1.056777e+00 4.361707e-01 0
1.056777e+00 4.361707e-01 0
1.056777e+00 4.361707e-01 0
1.056777e+00 4.361707e-01 0
1.056777e+00 4.361707e-01 0
1.056777e+00 4.361707e-01 0
1.056777e+00 4.361707e-01 0
1.056777e+00 4.361707e-01 0
1.056777e+00 4.361707e-01 0
1.056777e+00 4.361707e-01 0
1.056777e+00 4.361707e-01 0
1.056777e+00 4.361707e-01 0
1.056777e+00 4.361707e-01 0
1.056777e+00 4.361707e-01 0
1.056777e+00 4.361707e-01 0
1.056777e+00 4.361707e-01 0
1.056777e+00 4.361707e-01 0
1.056777e+00 4.361707e-01 0
1.056777e+00 4.361707e-01 0
1.056777e+00 4.361707e-01 0
1.056777e+00 4.361707e-01 0
1.056777e+00 4.361707e-01 0
1.056777e+00 4.361707e-01 0
1.056777e+00 4.361707e-01 0
1.056777e+00 4.361707e-01 0
1.056777e+00 4.361707e-01 0
1.056777e+00 4.361707e-01 0
1.056777e+00 4.361707e-01 0
1.056777e+00 4.361707e-01 0
1.056777e+00 4.361707e-01 0
1.056777e+00 4.361707e-01 0
1.056777e+00 4.361707e-01 0
1.056777e+00 4.361707e-01 0
1.056777e+00 4.361707e-01 0
1.056777e+00 4.361707e-01 0
1.056777e+00 4.361707e-01 0
1.056777e+00 4.361707e-01 0
1.056777e+00 4.361707e-01 0
1.056777e+00 4.361707e-01 0
1.056777e+00 4.361707e-01 0
1.056777e+00 4.361707e-01 0
1.056777e+00 4.361707e-01 0
1.056777e+00 4.361707e-01 0
1.056777e+00 4.361707e-01 0
1.056777e+00 4.361707e-01 0
1.056777e+00 4.361707e-01 0
1.056777e+00 4.361707e-01 0
1.056777e+00 4.361707e-01 0
1.056777e+00 4.361707e-01 0
1.056777e+00 4.361707e-01 0
1.056777e+00 4.361707e-01 0
1.056777e+00 4.361707e-01 0
1.056777e+00 4.361707e-01 0
1.056777e+00 4.361707e-01 0
1.056777e+00 4.361707e-01 0
1.056777e+00 4.361707e-01 0
1.056777e+00 4.361707e-01 0
1.056777e+00 4.361707e-01 0
1.056777e+00 4.361707e-01 0
1.056777e+00 4.361707e-01 0
1.056777e+00 4.361707e-01 0
1.056777e+00 4.361707e-01 0
1.056777e+00 4.361707e-01 0
1.056777e+00 4.361707e-01 0
1.056777e+00 4.361707e-01 0
1.056777e+00 4.361707e-01 0
1.056777e+00 4.361707e-01 0
1.056777e+00 4.361707e-01 0
1.056777e+00 4.361707e-01 0
1.056777e+00 4.361707e-01 0
1.056777e+00 4.361707e-01 0
1.056777e+00 4.361707e-01 0
1.056777e+00 4.361707e-01 0
1.056777e+00 4.361707e-01 0
1.056777e+00 4.361707e-01 0
1.056777e+00 4.361707e-01 0
1.056777e+00 4.361707e-01 0
1.056777e+00 4.361707e-01 0
1.056777e+00 4.361707e-01 0
1.056777e+00 4.361707e-01 0
1.056777e+00 4.361707e-01 0
1.056777e+00 4.361707e-01 0
1.056777e+00 4.361707e-01 0
1.056777e+00 4.361707e-01 0
1.056777e+00 4.361707e-01 0
1.056777e+00 4.361707e-01 0
1.056777e+00 4.361707e-01 0
1.056777e+00 4.361707e-01 0
1.056777e+00 4.361707e-01 0
1.056777e+00 4.361707e-01 0
1.056777e+00 4.361707e-01 0
1.056777e+00 4.361707e-01 0
1.056777e+00 4.361707e-01 0
1.056777e+00 4.361707e-01 0
1.056777e+00 4.361707e-01 0
1.056777e+00 4.361707e-01 0
1.056777e+00 4.361707e-01 0
1.056777e+00 4.361707e-01 0
1.056777e+00 4.361707e-01 0
1.056777e+00 4.361707e-01 0
1.056777e+00 4.361707e-01 0
1.056777e+00 4.361707e-01 0
1.056777e+00 4.361707e-01 0
1.056777e+00 4.361707e-01 0
1.056777e+00 4.361707e-01 0
1.056777e+00 4.361707e-01 0
1.056777e+00 4.361707e-01 0
1.056777e+00 4.361707e-01 0
1.056777e+00 4.361707e-01 0
1.056777e+00 4.361707e-01 0
1.056777e+00 4.361707e-01 0
1.056777e+00 4.361707e-01 0
1.056777e+00 4.361707e-01 0
1.056777e+00 4.361707e-01 0
1.056777e+00 4.361707e-01 0
1.056777e+00 4.361707e-01 0
1.056777e+00 4.361707e-01 0
1.056777e+00 4.361707e-01 0
1.056777e+00 4.361707e-01 0
1.056777e+00 4.361707e-01 0
1.056777e+00 4.361707e-01 0
1.056777e+00 4.361707e-01 0
1.056777e+00 4.361707e-01 0
1.056777e+00 4.361707e-01 0
1.056777e+00 4.361707e-01 0
1.056777e+00 4.361707e-01 0
1.056777e+00 4.361707e-01 0
1.056777e+00 4.361707e-01 0
1.056777e+00 4.361707e-01 0
1.056777e+00 4.361707e-01 0
1.056777e+00 4.361707e-01 0
1.056777e+00 4.361707e-01 0
1.056777e+00 4.361707e-01 0
1.056777e+00 4.361707e-01 0
1.056777e+00 4.361707e-01 0
1.056777e+00 4.361707e-01 0
1.056777e+00 4.361707e-01 0
1.056777e+00 4.361707e-01 0
1.056777e+00 4.361707e-01 0
1.056777e+00 4.361707e-01 0
1.056777e+00 4.361707e-01 0
1.056777e+00 4.361707e-01 0
1.056777e+00 4.361707e-01 0
1.056777e+00 4.361707e-01 0
1.056777e+00 4.361707e-01 0
1.056777e+00 4.361707e-01 0
1.056777e+00 4.361707e-01 0
1.056777e+00 4.361707e-01 0
1.056777e+00 4.361707e-01 0
1.056777e+00 4.361707e-01 0
1.056777e+00 4.361707e-01 0
1.056777e+00 4.361707e-01 0
1.056777e+00 4.361707e-01 0
1.056777e+00 4.361707e-01 0
1.056777e+00 4.361707e-01 0
1.056777e+00 4.361707e-01 0
1.056777e+00 4.361707e-01 0
1.056777e+00 4.361707e-01 0
1.056777e+00 4.361707e-01 0
1.056777e+00 4.361707e-01 0
1.056777e+00 4.361707e-01 0
1.056777e+00 4.361707e-01 0
1.056777e+00 4.361707e-01 0
1.056777e+00 4.361707e-01 0
1.056777e+00 4.361707e-01 0
1.056777e+00 4.361707e-01 0
1.056777e+00 4.361707e-01 0
1.056777e+00 4.361707e-01 0
1.056777e+00 4.361707e-01 0
1.056777e+00 4.361707e-01 0
1.056777e+00 4.361707e-01 0
1.056777e+00 4.361707e-01 0
1.056777e+00 4.361707e-01 0
1.056777e+00 4.361707e-01 0
1.056777e+00 4.361707e-01 0
1.056777e+00 4.361707e-01 0
1.056777e+00 4.361707e-01 0
1.056777e+00 4.361707e-01 0
1.056777e+00 4.361707e-01 0
1.056777e+00 4.361707e-01 0
1.056777e+00 4.361707e-01 0
1.056777e+00 4.361707e-01 0
1.056777e+00 4.361707e-01 0
1.056777e+00 4.361707e-01 0
1.056777e+00 4.361707e-01 0
1.056777e+00 4.361707e-01 0
1.056777e+00 4.361707e-01 0
1.056777e+00 4.361707e-01 0
1.056777e+00 4.361707e-01 0
1.056777e+00 4.361707e-01 0
1.056777e+00 4.361707e-01 0
1.056777e+00 4.361707e-01 0
1.056777e+00 4.361707e-01 0
1.056777e+00 4.361707e-01 0
1.056777e+00 4.361707e-01 0
1.056777e+00 4.361707e-01 0
1.056777e+00 4.361707e-01 0
1.056777e+00 4.361707e-01 0
1.056777e+00 4.361707e-01 0
1.056777e+00 4.361707e-01 0
1.056777e+00 4.361707e-01 0
1.056777e+00 4.361707e-01 0
1.056777e+00 4.361707e-01 0
1.056777e+00 4.361707e-01 0
1.056777e+00 4.361707e-01 0
1.056777e+00 4.361707e-01 0
1.056777e+00 4.361707e-01 0
1.056777e+00 4.361707e-01 0
1.056777e+00 4.361707e-01 0
1.056777e+00 4.361707e-01 0
1.056777e+00 4.361707e-01 0
1.056777e+00 4.361707e-01 0
1.056777e+00 4.361707e-01 0
1.056777e+00 4.361707e-01 0
1.056777e+00 4.361707e-01 0
1.056777e+00 4.361707e-01 0
1.056777e+00 4.361707e-01 0
1.056777e+00 4.361707e-01 0
1.056777e+00 4.361707e-01 0
1.056777e+00 4.361707e-01 0
1.056777e+00 4.361707e-01 0
1.056777e+00 4.361707e-01 0
1.056777e+00 4.361707e-01 0
1.056777e+00 4.361707e-01 0
1.056777e+00 4.361707e-01 0
1.056777e+00 4.361707e-01 0
1.056777e+00 4.361707e-01 0
1.056777e+00 4.361707e-01 0
1.056777e+00 4.361707e-01 0
1.056777e+00 4.361707e-01 0
1.056777e+00 4.361707e-01 0
1.056777e+00 4.361707e-01 0
1.056777e+00 4.361707e-01 0
1.056777e+00 4.361707e-01 0
1.056777e+00 4.361707e-01 0
1.056777e+00 4.361707e-01 0
1.056777e+00 4.361707e-01 0
1.056777e+00 4.361707e-01 0
1.056777e+00 4.361707e-01 0
1.056777e+00 4.361707e-01 0
1.056777e+00 4.361707e-01 0
1.056777e+00 4.361707e-01 0
1.056777e+00 4.361707e-01 0
1.056777e+00 4.361707e-01 0
1.056777e+00 4.361707e-01 0
1.056777e+00 4.361707e-01 0
1.056777e+00 4.361707e-01 0
1.056777e+00 4.361707e-01 0
1.056777e+00 4.361707e-01 0
1.056777e+00 4.361707e-01 0
1.056777e+00 4.361707e-01 0
1.056777e+00 4.361707e-01 0
1.056777e+00 4.361707e-01 0
1.056777e+00 4.361707e-01 0
1.056777e+00 4.361707e-01 0
1.056777e+00 4.361707e-01 0
1.056777e+00 4.361707e-01 0
1.056777e+00 4.361707e-01 0
1.056777e+00 4.361707e-01 0
1.056777e+00 4.361707e-01 0
1.056777e+00 4.361707e-01 0
1.056777e+00 4.361707e-01 0
1.056777e+00 4.361707e-01 0
1.056777e+00 4.361707e-01 0
1.058191e+00 4.375849e-01 1.568000e-03
1.059605e+00 4.389991e-01 3.072000e-03
1.061019e+00 4.404133e-01 4.512000e-03
1.062434e+00 4.418275e-01 5.888000e-03
1.063848e+00 4.432418e-01 7.200000e-03
1.065262e+00 4.446560e-01 8.448000e-03
1.066676e+00 4.460702e-01 9.632000e-03
1.068090e+00 4.474844e-01 1.075200e-02
1.069505e+00 4.488986e-01 1.180800e-02
1.070919e+00 4.503128e-01 1.280000e-02
1.072333e+00 4.517270e-01 1.372800e-02
1.073747e+00 4.531413e-01 1.459200e-02
1.075161e+00 4.545555e-01 1.539200e-02
1.076576e+00 4.559697e-01 1.612800e-02
1.077990e+00 4.573839e-01 1.680000e-02
1.079404e+00 4.587981e-01 1.740800e-02
1.080818e+00 4.602123e-01 1.795200e-02
1.082233e+00 4.616265e-01 1.843200e-02
1.083647e+00 4.630408e-01 1.884800e-02
1.085061e+00 4.644550e-01 1.920000e-02
1.086475e+00 4.658692e-01 1.948800e-02
1.087889e+00 4.672834e-01 1.971200e-02
1.089304e+00 4.686976e-01 1.987200e-02
1.090718e+00 4.701118e-01 1.996800e-02
1.092132e+00 4.715260e-01 2.000000e-02
1.093546e+00 4.729402e-01 1.996800e-02
1.094960e+00 4.743545e-01 1.987200e-02
1.096375e+00 4.757687e-01 1.971200e-02
1.097789e+00 4.771829e-01 1.948800e-02
1.099203e+00 4.785971e-01 1.920000e-02
1.100617e+00 4.800113e-01 1.884800e-02
1.102032e+00 4.814255e-01 1.843200e-02
1.103446e+00 4.828397e-01 1.795200e-02
1.104860e+00 4.842540e-01 1.740800e-02
1.106274e+00 4.856682e-01 1.680000e-02
1.107688e+00 4.870824e-01 1.612800e-02
1.109103e+00 4.884966e-01 1.539200e-02
1.110517e+00 4.899108e-01 1.459200e-02
1.111931e+00 4.913250e-01 1.372800e-02
1.113345e+00 4.927392e-01 1.280000e-02
1.114759e+00 4.941535e-01 1.180800e-02
1.116174e+00 4.955677e-01 1.075200e-02
1.117588e+00 4.969819e-01 9.632000e-03
1.119002e+00 4.983961e-01 8.448000e-03
1.120416e+00 4.998103e-01 7.200000e-03
1.121831e+00 5.012245e-01 5.888000e-03
1.123245e+00 5.026387e-01 4.512000e-03
1.124659e+00 5.040529e-01 3.072000e-03
1.126073e+00 5.054672e-01 1.568000e-03
1.127487e+00 5.068814e-01 0
1.127487e+00 5.068814e-01 0
1.127487e+00 5.068814e-01 0
1.127487e+00 5.068814e-01 0
1.127487e+00 5.068814e-01 0
1.127487e+00 5.068814e-01 0
1.127487e+00 5.068814e-01 0
1.127487e+00 5.068814e-01 0
1.127487e+00 5.068814e-01 0
1.127487e+00 5.068814e-01 0
1.127487e+00 5.068814e-01 0
1.127487e+00 5.068814e-01 0
1.127487e+00 5.068814e-01 0
1.127487e+00 5.068814e-01 0
1.127487e+00 5.068814e-01 0
1.127487e+00 5.068814e-01 0
1.127487e+00 5.068814e-01 0
1.127487e+00 5.068814e-01 0
1.127487e+00 5.068814e-01 0
1.127487e+00 5.068814e-01 0
1.127487e+00 5.068814e-01 0
1.127487e+00 5.068814e-01 0
1.127487e+00 5.068814e-01 0
1.127487e+00 5.068814e-01 0
1.127487e+00 5.068814e-01 0
1.127487e+00 5.068814e-01 0
1.127487e+00 5.068814e-01 0
1.127487e+00 5.068814e-01 0
1.127487e+00 5.068814e-01 0
1.127487e+00 5.068814e-01 0
1.127487e+00 5.068814e-01 0
1.127487e+00 5.068814e-01 0
1.127487e+00 5.068814e-01 0
1.127487e+00 5.068814e-01 0
1.127487e+00 5.068814e-01 0
1.127487e+00 5.068814e-01 0
1.127487e+00 5.068814e-01 0
1.127487e+00 5.068814e-01 0
1.127487e+00 5.068814e-01 0
1.127487e+00 5.068814e-01 0
1.127487e+00 5.068814e-01 0
1.127487e+00 5.068814e-01 0
1.127487e+00 5.068814e-01 0
1.127487e+00 5.068814e-01 0
1.127487e+00 5.068814e-01 0
1.127487e+00 5.068814e-01 0
1.127487e+00 5.068814e-01 0
1.127487e+00 5.068814e-01 0
1.127487e+00 5.068814e-01 0
1.127487e+00 5.068814e-01 0
1.127487e+00 5.068814e-01 0
1.127487e+00 5.068814e-01 0
1.127487e+00 5.068814e-01 0
1.127487e+00 5.068814e-01 0
1.127487e+00 5.068814e-01 0
1.127487e+00 5.068814e-01 0
1.127487e+00 5.068814e-01 0
1.127487e+00 5.068814e-01 0
1.127487e+00 5.068814e-01 0
1.127487e+00 5.068814e-01 0
1.127487e+00 5.068814e-01 0
1.127487e+00 5.068814e-01 0
1.127487e+00 5.068814e-01 0
1.127487e+00 5.068814e-01 0
1.127487e+00 5.068814e-01 0
1.127487e+00 5.068814e-01 0
1.127487e+00 5.068814e-01 0
1.127487e+00 5.068814e-01 0
1.127487e+00 5.068814e-01 0
1.127487e+00 5.068814e-01 0
1.127487e+00 5.068814e-01 0
1.127487e+00 5.068814e-01 0
1.127487e+00 5.068814e-01 0
1.127487e+00 5.068814e-01 0
1.127487e+00 5.068814e-01 0
1.127487e+00 5.068814e-01 0
1.127487e+00 5.068814e-01 0
1.127487e+00 5.068814e-01 0
1.127487e+00 5.068814e-01 0
1.127487e+00 5.068814e-01 0
1.127487e+00 5.068814e-01 0
1.127487e+00 5.068814e-01 0
1.127487e+00 5.068814e-01 0
1.127487e+00 5.068814e-01 0
1.127487e+00 5.068814e-01 0
1.127487e+00 5.068814e-01 0
1.127487e+00 5.068814e-01 0
1.127487e+00 5.068814e-01 0
1.127487e+00 5.068814e-01 0
1.127487e+00 5.068814e-01 0
1.127487e+00 5.068814e-01 0
1.127487e+00 5.068814e-01 0
1.127487e+00 5.068814e-01 0
1.127487e+00 5.068814e-01 0
1.127487e+00 5.068814e-01 0
1.127487e+00 5.068814e-01 0
1.127487e+00 5.068814e-01 0
1.127487e+00 5.068814e-01 0
1.127487e+00 5.068814e-01 0
1.127487e+00 5.068814e-01 0
1.127487e+00 5.068814e-01 0
1.127487e+00 5.068814e-01 0
1.127487e+00 5.068814e-01 0
1.127487e+00 5.068814e-01 0
1.127487e+00 5.068814e-01 0
1.127487e+00 5.068814e-01 0
1.127487e+00 5.068814e-01 0
1.127487e+00 5.068814e-01 0
1.127487e+00 5.068814e-01 0
1.127487e+00 5.068814e-01 0
1.127487e+00 5.068814e-01 0
1.127487e+00 5.068814e-01 0
1.127487e+00 5.068814e-01 0
1.127487e+00 5.068814e-01 0
1.127487e+00 5.068814e-01 0
1.127487e+00 5.068814e-01 0
1.127487e+00 5.068814e-01 0
1.127487e+00 5.068814e-01 0
1.127487e+00 5.068814e-01 0
1.127487e+00 5.068814e-01 0
1.127487e+00 5.068814e-01 0
1.127487e+00 5.068814e-01 0
1.127487e+00 5.068814e-01 0
1.127487e+00 5.068814e-01 0
1.127487e+00 5.068814e-01 0
1.127487e+00 5.068814e-01 0
1.127487e+00 5.068814e-01 0
1.127487e+00 5.068814e-01 0
1.127487e+00 5.068814e-01 0
1.127487e+00 5.068814e-01 0
1.127487e+00 5.068814e-01 0
1.127487e+00 5.068814e-01 0
1.127487e+00 5.068814e-01 0
1.127487e+00 5.068814e-01 0
1.127487e+00 5.068814e-01 0
1.127487e+00 5.068814e-01 0
1.127487e+00 5.068814e-01 0
1.127487e+00 5.068814e-01 0
1.127487e+00 5.068814e-01 0
1.127487e+00 5.068814e-01 0
1.127487e+00 5.068814e-01 0
1.127487e+00 5.068814e-01 0
1.127487e+00 5.068814e-01 0
1.127487e+00 5.068814e-01 0
1.127487e+00 5.068814e-01 0
1.127487e+00 5.068814e-01 0
1.127487e+00 5.068814e-01 0
1.127487e+00 5.068814e-01 0
1.127487e+00 5.068814e-01 0
1.127487e+00 5.068814e-01 0
1.127487e+00 5.068814e-01 0
1.127487e+00 5.068814e-01 0
1.127487e+00 5.068814e-01 0
1.127487e+00 5.068814e-01 0
1.127487e+00 5.068814e-01 0
1.127487e+00 5.068814e-01 0
1.127487e+00 5.068814e-01 0
1.127487e+00 5.068814e-01 0
1.127487e+00 5.068814e-01 0
1.127487e+00 5.068814e-01 0
1.127487e+00 5.068814e-01 0
1.127487e+00 5.068814e-01 0
1.127487e+00 5.068814e-01 0
1.127487e+00 5.068814e-01 0
1.127487e+00 5.068814e-01 0
1.127487e+00 5.068814e-01 0
1.127487e+00 5.068814e-01 0
1.127487e+00 5.068814e-01 0
1.127487e+00 5.068814e-01 0
1.127487e+00 5.068814e-01 0
1.127487e+00 5.068814e-01 0
1.127487e+00 5.068814e-01 0
1.127487e+00 5.068814e-01 0
1.127487e+00 5.068814e-01 0
1.127487e+00 5.068814e-01 0
1.127487e+00 5.068814e-01 0
1.127487e+00 5.068814e-01 0
1.127487e+00 5.068814e-01 0
1.127487e+00 5.068814e-01 0
1.127487e+00 5.068814e-01 0
1.127487e+00 5.068814e-01 0
1.127487e+00 5.068814e-01 0
1.127487e+00 5.068814e-01 0
1.127487e+00 5.068814e-01 0
1.127487e+00 5.068814e-01 0
1.127487e+00 5.068814e-01 0
1.127487e+00 5.068814e-01 0
1.127487e+00 5.068814e-01 0
1.127487e+00 5.068814e-01 0
1.127487e+00 5.068814e-01 0
1.127487e+00 5.068814e-01 0
1.127487e+00 5.068814e-01 0
1.127487e+00 5.068814e-01 0
1.127487e+00 5.068814e-01 0
1.127487e+00 5.068814e-01 0
1.127487e+00 5.068814e-01 0
1.127487e+00 5.068814e-01 0
1.127487e+00 5.068814e-01 0
1.127487e+00 5.068814e-01 0
1.127487e+00 5.068814e-01 0
1.127487e+00 5.068814e-01 0
1.127487e+00 5.068814e-01 0
1.127487e+00 5.068814e-01 0
1.127487e+00 5.068814e-01 0
1.127487e+00 5.068814e-01 0
1.127487e+00 5.068814e-01 0
1.127487e+00 5.068814e-01 0
1.127487e+00 5.068814e-01 0
1.127487e+00 5.068814e-01 0
1.127487e+00 5.068814e-01 0
1.127487e+00 5.068814e-01 0
1.127487e+00 5.068814e-01 0
1.127487e+00 5.068814e-01 0
1.127487e+00 5.068814e-01 0
1.127487e+00 5.068814e-01 0
1.127487e+00 5.068814e-01 0
1.127487e+00 5.068814e-01 0
1.127487e+00 5.068814e-01 0
1.127487e+00 5.068814e-01 0
1.127487e+00 5.068814e-01 0
1.127487e+00 5.068814e-01 0
1.127487e+00 5.068814e-01 0
1.127487e+00 5.068814e-01 0
1.127487e+00 5.068814e-01 0
1.127487e+00 5.068814e-01 0
1.127487e+00 5.068814e-01 0
1.127487e+00 5.068814e-01 0
1.127487e+00 5.068814e-01 0
1.127487e+00 5.068814e-01 0
1.127487e+00 5.068814e-01 0
1.127487e+00 5.068814e-01 0
1.127487e+00 5.068814e-01 0
1.127487e+00 5.068814e-01 0
1.127487e+00 5.068814e-01 0
1.127487e+00 5.068814e-01 0
1.127487e+00 5.068814e-01 0
1.127487e+00 5.068814e-01 0
1.127487e+00 5.068814e-01 0
1.127487e+00 5.068814e-01 0
1.127487e+00 5.068814e-01 0
1.127487e+00 5.068814e-01 0
1.127487e+00 5.068814e-01 0
1.127487e+00 5.068814e-01 0
1.127487e+00 5.068814e-01 0
1.127487e+00 5.068814e-01 0
1.127487e+00 5.068814e-01 0
1.127487e+00 5.068814e-01 0
1.127487e+00 5.068814e-01 0
1.127487e+00 5.068814e-01 0
1.127487e+00 5.068814e-01 0
1.127487e+00 5.068814e-01 0
1.127487e+00 5.068814e-01 0
1.127487e+00 5.068814e-01 0
1.127487e+00 5.068814e-01 0
1.127487e+00 5.068814e-01 0
1.127487e+00 5.068814e-01 0
1.127487e+00 5.068814e-01 0
1.127487e+00 5.068814e-01 0
1.127487e+00 5.068814e-01 0
1.127487e+00 5.068814e-01 0
1.127487e+00 5.068814e-01 0
1.127487e+00 5.068814e-01 0
1.127487e+00 5.068814e-01 0
1.127487e+00 5.068814e-01 0
1.127487e+00 5.068814e-01 0
1.127487e+00 5.068814e-01 0
1.127487e+00 5.068814e-01 0
1.127487e+00 5.068814e-01 0
1.127487e+00 5.068814e-01 0
1.127487e+00 5.068814e-01 0
1.127487e+00 5.068814e-01 0
1.127487e+00 5.068814e-01 0
1.127487e+00 5.068814e-01 0
1.127487e+00 5.068814e-01 0
1.127487e+00 5.068814e-01 0
1.127487e+00 5.068814e-01 0
1.127487e+00 5.068814e-01 0
1.127487e+00 5.068814e-01 0
1.127487e+00 5.068814e-01 0
1.127487e+00 5.068814e-01 0
1.127487e+00 5.068814e-01 0
1.127487e+00 5.068814e-01 0
1.127487e+00 5.068814e-01 0
1.127487e+00 5.068814e-01 0
1.127487e+00 5.068814e-01 0
1.127487e+00 5.068814e-01 0
1.127487e+00 5.068814e-01 0
1.127487e+00 5.068814e-01 0
1.127487e+00 5.068814e-01 0
1.127487e+00 5.068814e-01 0
1.127487e+00 5.068814e-01 0
1.127487e+00 5.068814e-01 0
1.127487e+00 5.068814e-01 0
1.127487e+00 5.068814e-01 0
1.127487e+00 5.068814e-01 0
1.127487e+00 5.068814e-01 0
1.127487e+00 5.068814e-01 0
1.127487e+00 5.068814e-01 0
1.127487e+00 5.068814e-01 0
1.127487e+00 5.068814e-01 0
1.127487e+00 5.068814e-01 0
1.127487e+00 5.068814e-01 0
1.127487e+00 5.068814e-01 0
1.127487e+00 5.068814e-01 0
1.127487e+00 5.068814e-01 0
1.127487e+00 5.068814e-01 0
1.127487e+00 5.068814e-01 0
1.127487e+00 5.068814e-01 0
1.127487e+00 5.068814e-01 0
1.127487e+00 5.068814e-01 0
1.127487e+00 5.068814e-01 0
1.127487e+00 5.068814e-01 0
1.127487e+00 5.068814e-01 0
1.127487e+00 5.068814e-01 0
1.127487e+00 5.068814e-01 0
1.127487e+00 5.068814e-01 0
1.127487e+00 5.068814e-01 0
1.127487e+00 5.068814e-01 0
1.127487e+00 5.068814e-01 0
1.127487e+00 5.068814e-01 0
1.127487e+00 5.068814e-01 0
1.127487e+00 5.068814e-01 0
1.127487e+00 5.068814e-01 0
1.127487e+00 5.068814e-01 0
1.127487e+00 5.068814e-01 0
1.127487e+00 5.068814e-01 0
1.127487e+00 5.068814e-01 0
1.127487e+00 5.068814e-01 0
1.127487e+00 5.068814e-01 0
1.127487e+00 5.068814e-01 0
1.127487e+00 5.068814e-01 0
1.127487e+00 5.068814e-01 0
1.127487e+00 5.068814e-01 0
1.127487e+00 5.068814e-01 0
1.127487e+00 5.068814e-01 0
1.127487e+00 5.068814e-01 0
1.127487e+00 5.068814e-01 0
1.127487e+00 5.068814e-01 0
1.127487e+00 5.068814e-01 0
1.127487e+00 5.068814e-01 0
1.127487e+00 5.068814e-01 0
1.127487e+00 5.068814e-01 0
1.127487e+00 5.068814e-01 0
1.127487e+00 5.068814e-01 0
1.127487e+00 5.068814e-01 0
1.127487e+00 5.068814e-01 0
1.127487e+00 5.068814e-01 0
1.127487e+00 5.068814e-01 0
1.127487e+00 5.068814e-01 0
1.127487e+00 5.068814e-01 0
1.127487e+00 5.068814e-01 0
1.128902e+00 5.082956e-01 1.568000e-03
1.130316e+00 5.097098e-01 3.072000e-03
1.131730e+00 5.111240e-01 4.512000e-03
1.133144e+00 5.125382e-01 5.888000e-03
1.134558e+00 5.139524e-01 7.200000e-03
1.135973e+00 5.153667e-01 8.448000e-03
1.137387e+00 5.167809e-01 9.632000e-03
1.138801e+00 5.181951e-01 1.075200e-02
1.140215e+00 5.196093e-01 1.180800e-02
1.141630e+00 5.210235e-01 1.280000e-02
1.143044e+00 5.224377e-01 1.372800e-02
1.144458e+00 5.238519e-01 1.459200e-02
1.145872e+00 5.252661e-01 1.539200e-02
1.147286e+00 5.266804e-01 1.612800e-02
1.148701e+00 5.280946e-01 1.680000e-02
1.150115e+00 5.295088e-01 1.740800e-02
1.151529e+00 5.309230e-01 1.795200e-02
1.152943e+00 5.323372e-01 1.843200e-02
1.154357e+00 5.337514e-01 1.884800e-02
1.155772e+00 5.351656e-01 1.920000e-02
1.157186e+00 5.365799e-01 1.948800e-02
1.158600e+00 5.379941e-01 1.971200e-02
1.160014e+00 5.394083e-01 1.987200e-02
1.161428e+00 5.408225e-01 1.996800e-02
1.162843e+00 5.422367e-01 2.000000e-02
1.164257e+00 5.436509e-01 1.996800e-02
1.165671e+00 5.450651e-01 1.987200e-02
1.167085e+00 5.464794e-01 1.971200e-02
1.168500e+00 5.478936e-01 1.948800e-02
1.169914e+00 5.493078e-01 1.920000e-02
1.171328e+00 5.507220e-01 1.884800e-02
1.172742e+00 5.521362e-01 1.843200e-02
1.174156e+00 5.535504e-01 1.795200e-02
1.175571e+00 5.549646e-01 1.740800e-02
1.176985e+00 5.563788e-01 1.680000e-02
1.178399e+00 5.577931e-01 1.612800e-02
1.179813e+00 5.592073e-01 1.539200e-02
1.181227e+00 5.606215e-01 1.459200e-02
1.182642e+00 5.620357e-01 1.372800e-02
1.184056e+00 5.634499e-01 1.280000e-02
1.185470e+00 5.648641e-01 1.180800e-02
1.186884e+00 5.662783e-01 1.075200e-02
1.188299e+00 5.676926e-01 9.632000e-03
1.189713e+00 5.691068e-01 8.448000e-03
1.191127e+00 5.705210e-01 7.200000e-03
1.192541e+00 5.719352e-01 5.888000e-03
1.193955e+00 5.733494e-01 4.512000e-03
1.195370e+00 5.747636e-01 3.072000e-03
1.196784e+00 5.761778e-01 1.568000e-03
1.198198e+00 5.775921e-01 0
1.198198e+00 5.775921e-01 0
1.198198e+00 5.775921e-01 0
1.198198e+00 5.775921e-01 0
1.198198e+00 5.775921e-01 0
1.198198e+00 5.775921e-01 0
1.198198e+00 5.775921e-01 0
1.198198e+00 5.775921e-01 0
1.198198e+00 5.775921e-01 0
1.198198e+00 5.775921e-01 0
1.198198e+00 5.775921e-01 0
1.198198e+00 5.775921e-01 0
1.198198e+00 5.775921e-01 0
1.198198e+00 5.775921e-01 0
1.198198e+00 5.775921e-01 0
1.198198e+00 5.775921e-01 0
1.198198e+00 5.775921e-01 0
1.198198e+00 5.775921e-01 0
1.198198e+00 5.775921e-01 0
1.198198e+00 5.775921e-01 0
1.198198e+00 5.775921e-01 0
1.198198e+00 5.775921e-01 0
1.198198e+00 5.775921e-01 0
1.198198e+00 5.775921e-01 0
1.198198e+00 5.775921e-01 0
1.198198e+00 5.775921e-01 0
1.198198e+00 5.775921e-01 0
1.198198e+00 5.775921e-01 0
1.198198e+00 5.775921e-01 0
1.198198e+00 5.775921e-01 0
1.198198e+00 5.775921e-01 0
1.198198e+00 5.775921e-01 0
1.198198e+00 5.775921e-01 0
1.198198e+00 5.775921e-01 0
1.198198e+00 5.775921e-01 0
1.198198e+00 5.775921e-01 0
1.198198e+00 5.775921e-01 0
1.198198e+00 5.775921e-01 0
1.198198e+00 5.775921e-01 0
1.198198e+00 5.775921e-01 0
1.198198e+00 5.775921e-01 0
1.198198e+00 5.775921e-01 0
1.198198e+00 5.775921e-01 0
1.198198e+00 5.775921e-01 0
1.198198e+00 5.775921e-01 0
1.198198e+00 5.775921e-01 0
1.198198e+00 5.775921e-01 0
1.198198e+00 5.775921e-01 0
1.198198e+00 5.775921e-01 0
1.198198e+00 5.775921e-01 0
1.198198e+00 5.775921e-01 0
1.198198e+00 5.775921e-01 0
1.198198e+00 5.775921e-01 0
1.198198e+00 5.775921e-01 0
1.198198e+00 5.775921e-01 0
1.198198e+00 5.775921e-01 0
1.198198e+00 5.775921e-01 0
1.198198e+00 5.775921e-01 0
1.198198e+00 5.775921e-01 0
1.198198e+00 5.775921e-01 0
1.198198e+00 5.775921e-01 0
1.198198e+00 5.775921e-01 0
1.198198e+00 5.775921e-01 0
1.198198e+00 5.775921e-01 0
1.198198e+00 5.775921e-01 0
1.198198e+00 5.775921e-01 0
1.198198e+00 5.775921e-01 0
1.198198e+00 5.775921e-01 0
1.198198e+00 5.775921e-01 0
1.198198e+00 5.775921e-01 0
1.198198e+00 5.775921e-01 0
1.198198e+00 5.775921e-01 0
1.198198e+00 5.775921e-01 0
1.198198e+00 5.775921e-01 0
1.198198e+00 5.775921e-01 0
1.198198e+00 5.775921e-01 0
1.198198e+00 5.775921e-01 0
1.198198e+00 5.775921e-01 0
1.198198e+00 5.775921e-01 0
1.198198e+00 5.775921e-01 0
1.198198e+00 5.775921e-01 0
1.198198e+00 5.775921e-01 0
1.198198e+00 5.775921e-01 0
1.198198e+00 5.775921e-01 0
1.198198e+00 5.775921e-01 0
1.198198e+00 5.775921e-01 0
1.198198e+00 5.775921e-01 0
1.198198e+00 5.775921e-01 0
1.198198e+00 5.775921e-01 0
1.198198e+00 5.775921e-01 0
1.198198e+00 5.775921e-01 0
1.198198e+00 5.775921e-01 0
1.198198e+00 5.775921e-01 0
1.198198e+00 5.775921e-01 0
1.198198e+00 5.775921e-01 0
1.198198e+00 5.775921e-01 0
1.198198e+00 5.775921e-01 0
1.198198e+00 5.775921e-01 0
1.198198e+00 5.775921e-01 0
1.198198e+00 5.775921e-01 0
1.198198e+00 5.775921e-01 0
1.198198e+00 5.775921e-01 0
1.198198e+00 5.775921e-01 0
1.198198e+00 5.775921e-01 0
1.198198e+00 5.775921e-01 0
1.198198e+00 5.775921e-01 0
1.198198e+00 5.775921e-01 0
1.198198e+00 5.775921e-01 0
1.198198e+00 5.775921e-01 0
1.198198e+00 5.775921e-01 0
1.198198e+00 5.775921e-01 0
1.198198e+00 5.775921e-01 0
1.198198e+00 5.775921e-01 0
1.198198e+00 5.775921e-01 0
1.198198e+00 5.775921e-01 0
1.198198e+00 5.775921e-01 0
1.198198e+00 5.775921e-01 0
1.198198e+00 5.775921e-01 0
1.198198e+00 5.775921e-01 0
1.198198e+00 5.775921e-01 0
1.198198e+00 5.775921e-01 0
1.198198e+00 5.775921e-01 0
1.198198e+00 5.775921e-01 0
1.198198e+00 5.775921e-01 0
1.198198e+00 5.775921e-01 0
1.198198e+00 5.775921e-01 0
1.198198e+00 5.775921e-01 0
1.198198e+00 5.775921e-01 0
1.198198e+00 5.775921e-01 0
1.198198e+00 5.775921e-01 0
1.198198e+00 5.775921e-01 0
1.198198e+00 5.775921e-01 0
1.198198e+00 5.775921e-01 0
1.198198e+00 5.775921e-01 0
1.198198e+00 5.775921e-01 0
1.198198e+00 5.775921e-01 0
1.198198e+00 5.775921e-01 0
1.198198e+00 5.775921e-01 0
1.198198e+00 5.775921e-01 0
1.198198e+00 5.775921e-01 0
1.198198e+00 5.775921e-01 0
1.198198e+00 5.775921e-01 0
1.198198e+00 5.775921e-01 0
1.198198e+00 5.775921e-01 0
1.198198e+00 5.775921e-01 0
1.198198e+00 5.775921e-01 0
1.198198e+00 5.775921e-01 0
1.198198e+00 5.775921e-01 0
1.198198e+00 5.775921e-01 0
1.198198e+00 5.775921e-01 0
1.198198e+00 5.775921e-01 0
1.198198e+00 5.775921e-01 0
1.198198e+00 5.775921e-01 0
1.198198e+00 5.775921e-01 0
1.198198e+00 5.775921e-01 0
1.198198e+00 5.775921e-01 0
1.198198e+00 5.775921e-01 0
1.198198e+00 5.775921e-01 0
1.198198e+00 5.775921e-01 0
1.198198e+00 5.775921e-01 0
1.198198e+00 5.775921e-01 0
1.198198e+00 5.775921e-01 0
1.198198e+00 5.775921e-01 0
1.198198e+00 5.775921e-01 0
1.198198e+00 5.775921e-01 0
1.198198e+00 5.775921e-01 0
1.198198e+00 5.775921e-01 0
1.198198e+00 5.775921e-01 0
1.198198e+00 5.775921e-01 0
1.198198e+00 5.775921e-01 0
1.198198e+00 5.775921e-01 0
1.198198e+00 5.775921e-01 0
1.198198e+00 5.775921e-01 0
1.198198e+00 5.775921e-01 0
1.198198e+00 5.775921e-01 0
1.198198e+00 5.775921e-01 0
1.198198e+00 5.775921e-01 0
1.198198e+00 5.775921e-01 0
1.198198e+00 5.775921e-01 0
1.198198e+00 5.775921e-01 0
1.198198e+00 5.775921e-01 0
1.198198e+00 5.775921e-01 0
1.198198e+00 5.775921e-01 0
1.198198e+00 5.775921e-01 0
1.198198e+00 5.775921e-01 0
1.198198e+00 5.775921e-01 0
1.198198e+00 5.775921e-01 0
1.198198e+00 5.775921e-01 0
1.198198e+00 5.775921e-01 0
1.198198e+00 5.775921e-01 0
1.198198e+00 5.775921e-01 0
1.198198e+00 5.775921e-01 0
1.198198e+00 5.775921e-01 0
1.198198e+00 5.775921e-01 0
1.198198e+00 5.775921e-01 0
1.198198e+00 5.775921e-01 0
1.198198e+00 5.775921e-01 0
1.198198e+00 5.775921e-01 0
1.198198e+00 5.775921e-01 0
1.198198e+00 5.775921e-01 0
1.198198e+00 5.775921e-01 0
1.198198e+00 5.775921e-01 0
1.198198e+00 5.775921e-01 0
1.198198e+00 5.775921e-01 0
1.198198e+00 5.775921e-01 0
1.198198e+00 5.775921e-01 0
1.198198e+00 5.775921e-01 0
1.198198e+00 5.775921e-01 0
1.198198e+00 5.775921e-01 0
1.198198e+00 5.775921e-01 0
1.198198e+00 5.775921e-01 0
1.198198e+00 5.775921e-01 0
1.198198e+00 5.775921e-01 0
1.198198e+00 5.775921e-01 0
1.198198e+00 5.775921e-01 0
1.198198e+00 5.775921e-01 0
1.198198e+00 5.775921e-01 0
1.198198e+00 5.775921e-01 0
1.198198e+00 5.775921e-01 0
1.198198e+00 5.775921e-01 0
1.198198e+00 5.775921e-01 0
1.198198e+00 5.775921e-01 0
1.198198e+00 5.775921e-01 0
1.198198e+00 5.775921e-01 0
1.198198e+00 5.775921e-01 0
1.198198e+00 5.775921e-01 0
1.198198e+00 5.775921e-01 0
1.198198e+00 5.775921e-01 0
1.198198e+00 5.775921e-01 0
1.198198e+00 5.775921e-01 0
1.198198e+00 5.775921e-01 0
1.198198e+00 5.775921e-01 0
1.198198e+00 5.775921e-01 0
1.198198e+00 5.775921e-01 0
1.198198e+00 5.775921e-01 0
1.198198e+00 5.775921e-01 0
1.198198e+00 5.775921e-01 0
1.198198e+00 5.775921e-01 0
1.198198e+00 5.775921e-01 0
1.198198e+00 5.775921e-01 0
1.198198e+00 5.775921e-01 0
1.198198e+00 5.775921e-01 0
1.198198e+00 5.775921e-01 0
1.198198e+00 5.775921e-01 0
1.198198e+00 5.775921e-01 0
1.198198e+00 5.775921e-01 0
1.198198e+00 5.775921e-01 0
1.198198e+00 5.775921e-01 0
1.198198e+00 5.775921e-01 0
1.198198e+00 5.775921e-01 0
1.198198e+00 5.775921e-01 0
1.198198e+00 5.775921e-01 0
1.198198e+00 5.775921e-01 0
1.198198e+00 5.775921e-01 0
1.198198e+00 5.775921e-01 0
1.198198e+00 5.775921e-01 0
1.198198e+00 5.775921e-01 0
1.198198e+00 5.775921e-01 0
1.198198e+00 5.775921e-01 0
1.198198e+00 5.775921e-01 0
1.198198e+00 5.775921e-01 0
1.198198e+00 5.775921e-01 0
1.198198e+00 5.775921e-01 0
1.198198e+00 5.775921e-01 0
1.198198e+00 5.775921e-01 0
1.198198e+00 5.775921e-01 0
1.198198e+00 5.775921e-01 0
1.198198e+00 5.775921e-01 0
1.198198e+00 5.775921e-01 0
1.198198e+00 5.775921e-01 0
1.198198e+00 5.775921e-01 0
1.198198e+00 5.775921e-01 0
1.198198e+00 5.775921e-01 0
1.198198e+00 5.775921e-01 0
1.198198e+00 5.775921e-01 0
1.198198e+00 5.775921e-01 0
1.198198e+00 5.775921e-01 0
1.198198e+00 5.775921e-01 0
1.198198e+00 5.775921e-01 0
1.198198e+00 5.775921e-01 0
1.198198e+00 5.775921e-01 0
1.198198e+00 5.775921e-01 0
1.198198e+00 5.775921e-01 0
1.198198e+00 5.775921e-01 0
1.198198e+00 5.775921e-01 0
1.198198e+00 5.775921e-01 0
1.198198e+00 5.775921e-01 0
1.198198e+00 5.775921e-01 0
1.198198e+00 5.775921e-01 0
1.198198e+00 5.775921e-01 0
1.198198e+00 5.775921e-01 0
1.198198e+00 5.775921e-01 0
1.198198e+00 5.775921e-01 0
1.198198e+00 5.775921e-01 0
1.198198e+00 5.775921e-01 0
1.198198e+00 5.775921e-01 0
1.198198e+00 5.775921e-01 0
1.198198e+00 5.775921e-01 0
1.198198e+00 5.775921e-01 0
1.198198e+00 5.775921e-01 0
1.198198e+00 5.775921e-01 0
