5.546917e-06 2.666801e-07 0
2.171012e-05 1.044594e-06 0
4.756427e-05 2.290896e-06 0
8.224183e-05 3.965478e-06 0
1.249299e-04 6.030817e-06 0
1.748670e-04 8.451828e-06 0
2.313403e-04 1.119573e-05 0
2.936827e-04 1.423191e-05 0
3.612702e-04 1.753179e-05 0
4.335194e-04 2.106876e-05 0
5.098855e-04 2.481800e-05 0
5.898597e-04 2.875640e-05 0
6.729671e-04 3.286250e-05 0
7.587649e-04 3.711634e-05 0
8.468403e-04 4.149940e-05 0
9.368089e-04 4.599452e-05 0
1.028313e-03 5.058580e-05 0
1.121019e-03 5.525856e-05 0
1.214619e-03 5.999922e-05 0
1.308825e-03 6.479529e-05 0
1.403372e-03 6.963526e-05 0
1.498014e-03 7.450858e-05 0
1.592520e-03 7.940555e-05 0
1.686679e-03 8.431735e-05 0
1.780295e-03 8.923589e-05 0
1.873187e-03 9.415385e-05 0
1.965187e-03 9.906459e-05 0
2.056142e-03 1.039621e-04 0
2.145909e-03 1.088410e-04 0
2.234353e-03 1.136966e-04 0
2.321350e-03 1.185244e-04 0
2.406791e-03 1.233208e-04 0
2.490572e-03 1.280825e-04 0
2.572603e-03 1.328066e-04 0
2.652796e-03 1.374907e-04 0
2.731075e-03 1.421327e-04 0
2.807369e-03 1.467310e-04 0
2.881612e-03 1.512844e-04 0
2.953746e-03 1.557917e-04 0
3.023725e-03 1.602524e-04 0
3.091510e-03 1.646660e-04 0
3.157056e-03 1.690324e-04 0
3.220320e-03 1.733518e-04 0
3.281266e-03 1.776246e-04 0
3.339858e-03 1.818513e-04 0
3.396065e-03 1.860328e-04 0
3.449861e-03 1.901702e-04 0
3.501217e-03 1.942646e-04 0
3.550113e-03 1.983175e-04 0
3.596521e-03 2.023305e-04 0
3.640415e-03 2.063054e-04 0
3.681783e-03 2.102440e-04 0
3.720614e-03 2.141485e-04 0
3.756896e-03 2.180210e-04 0
3.790621e-03 2.218641e-04 0
3.821783e-03 2.256800e-04 0
3.850377e-03 2.294716e-04 0
3.876401e-03 2.332416e-04 0
3.899860e-03 2.369930e-04 0
3.920769e-03 2.407286e-04 0
3.939151e-03 2.444518e-04 0
3.955018e-03 2.481657e-04 0
3.968384e-03 2.518739e-04 0
3.979265e-03 2.555798e-04 0
3.987684e-03 2.592871e-04 0
3.993668e-03 2.629996e-04 0
3.997258e-03 2.667211e-04 0
3.998504e-03 2.704559e-04 0
3.997464e-03 2.742079e-04 0
3.994214e-03 2.779815e-04 0
3.989076e-03 2.817812e-04 0
3.983067e-03 2.856110e-04 0
3.977599e-03 2.894746e-04 0
3.973971e-03 2.933748e-04 0
3.973355e-03 2.973138e-04 0
3.976800e-03 3.012934e-04 0
3.985219e-03 3.053147e-04 0
3.999386e-03 3.093785e-04 0
4.019930e-03 3.134850e-04 0
4.047328e-03 3.176339e-04 0
4.081904e-03 3.218244e-04 0
4.123821e-03 3.260557e-04 0
4.173088e-03 3.303261e-04 0
4.229554e-03 3.346338e-04 0
4.292920e-03 3.389767e-04 0
4.362744e-03 3.433522e-04 0
4.438461e-03 3.477573e-04 0
4.519391e-03 3.521890e-04 0
4.604732e-03 3.566437e-04 0
4.693571e-03 3.611177e-04 0
4.784880e-03 3.656068e-04 0
4.877527e-03 3.701066e-04 0
4.970273e-03 3.746126e-04 0
5.061779e-03 3.791198e-04 0
5.150613e-03 3.836230e-04 0
5.235256e-03 3.881168e-04 0
5.314106e-03 3.925954e-04 0
5.385482e-03 3.970529e-04 0
5.447635e-03 4.014831e-04 0
5.509520e-03 4.056215e-04 0
5.581041e-03 4.092256e-04 0
5.662334e-03 4.123318e-04 0
5.753543e-03 4.149741e-04 0
5.854822e-03 4.171848e-04 0
5.966191e-03 4.189938e-04 0
6.087085e-03 4.204295e-04 0
6.216533e-03 4.215184e-04 0
6.353614e-03 4.222854e-04 0
6.497466e-03 4.227539e-04 0
6.647284e-03 4.229457e-04 0
6.802316e-03 4.228812e-04 0
6.961860e-03 4.225797e-04 0
7.125260e-03 4.220590e-04 0
7.291906e-03 4.213358e-04 0
7.461229e-03 4.204257e-04 0
7.632698e-03 4.193432e-04 0
7.805821e-03 4.181019e-04 0
7.980137e-03 4.167143e-04 0
8.155221e-03 4.151921e-04 0
8.330676e-03 4.135462e-04 0
8.506133e-03 4.117866e-04 0
8.681250e-03 4.099226e-04 0
8.855711e-03 4.079627e-04 0
9.029220e-03 4.059148e-04 0
9.201506e-03 4.037862e-04 0
9.372315e-03 4.015834e-04 0
9.541414e-03 3.993125e-04 0
9.708585e-03 3.969790e-04 0
9.873629e-03 3.945879e-04 0
1.003636e-02 3.921437e-04 0
1.019660e-02 3.896503e-04 0
1.035420e-02 3.871113e-04 0
1.050901e-02 3.845299e-04 0
1.066088e-02 3.819089e-04 0
1.080970e-02 3.792504e-04 0
1.095534e-02 3.765567e-04 0
1.109770e-02 3.738292e-04 0
1.123666e-02 3.710694e-04 0
1.137214e-02 3.682781e-04 0
1.150404e-02 3.654561e-04 0
1.163227e-02 3.626037e-04 0
1.175676e-02 3.597210e-04 0
1.187743e-02 3.568079e-04 0
1.199420e-02 3.538639e-04 0
1.210701e-02 3.508884e-04 0
1.221578e-02 3.478803e-04 0
1.232044e-02 3.448384e-04 0
1.242094e-02 3.417615e-04 0
1.251720e-02 3.386477e-04 0
1.260915e-02 3.354953e-04 0
1.269674e-02 3.323021e-04 0
1.277989e-02 3.290658e-04 0
1.285853e-02 3.257838e-04 0
1.293260e-02 3.224535e-04 0
1.300202e-02 3.190717e-04 0
1.306673e-02 3.156355e-04 0
1.312666e-02 3.121413e-04 0
1.318172e-02 3.085855e-04 0
1.323184e-02 3.049643e-04 0
1.327693e-02 3.012737e-04 0
1.331691e-02 2.975094e-04 0
1.335168e-02 2.936669e-04 0
1.338115e-02 2.897415e-04 0
1.340522e-02 2.857282e-04 0
1.342382e-02 2.816218e-04 0
1.343683e-02 2.774169e-04 0
1.344417e-02 2.731079e-04 0
1.344574e-02 2.686888e-04 0
1.344144e-02 2.641534e-04 0
1.343120e-02 2.594951e-04 0
1.341624e-02 2.547074e-04 0
1.339916e-02 2.497839e-04 0
1.338243e-02 2.447195e-04 0
1.336828e-02 2.395104e-04 0
1.335870e-02 2.341536e-04 0
1.335534e-02 2.286474e-04 0
1.335960e-02 2.229908e-04 0
1.337255e-02 2.171839e-04 0
1.339493e-02 2.112275e-04 0
1.342717e-02 2.051232e-04 0
1.346942e-02 1.988735e-04 0
1.352152e-02 1.924814e-04 0
1.358302e-02 1.859508e-04 0
1.365315e-02 1.792862e-04 0
1.373083e-02 1.724924e-04 0
1.381465e-02 1.655753e-04 0
1.390287e-02 1.585410e-04 0
1.399342e-02 1.513962e-04 0
1.408388e-02 1.441483e-04 0
1.417147e-02 1.368049e-04 0
1.425308e-02 1.293743e-04 0
1.432524e-02 1.218653e-04 0
1.438415e-02 1.142870e-04 0
1.442568e-02 1.066490e-04 0
1.444537e-02 9.896142e-05 0
1.443846e-02 9.123471e-05 0
1.439992e-02 8.347983e-05 0
1.432443e-02 7.570811e-05 0
1.420643e-02 6.793135e-05 0
1.407812e-02 5.988921e-05 0
1.397446e-02 5.134402e-05 0
1.389525e-02 4.235111e-05 0
1.384036e-02 3.296195e-05 0
1.380970e-02 2.322444e-05 0
1.380321e-02 1.318305e-05 0
1.382088e-02 2.879060e-06 0
1.386273e-02 -7.649256e-06 0
1.392885e-02 -1.836647e-05 0
1.401934e-02 -2.923981e-05 0
1.413437e-02 -4.023903e-05 0
1.427414e-02 -5.133623e-05 0
1.443890e-02 -6.250572e-05 0
1.462868e-02 -7.372391e-05 0
1.484217e-02 -8.496915e-05 0
1.507704e-02 -9.622165e-05 0
1.533106e-02 -1.074633e-04 0
1.560219e-02 -1.186777e-04 0
1.588848e-02 -1.298499e-04 0
1.618814e-02 -1.409663e-04 0
1.649946e-02 -1.520148e-04 0
1.682087e-02 -1.629845e-04 0
1.715089e-02 -1.738657e-04 0
1.748814e-02 -1.846495e-04 0
1.783132e-02 -1.953286e-04 0
1.817922e-02 -2.058962e-04 0
1.853073e-02 -2.163465e-04 0
1.888480e-02 -2.266747e-04 0
1.924043e-02 -2.368766e-04 0
1.959671e-02 -2.469490e-04 0
1.995280e-02 -2.568890e-04 0
2.030788e-02 -2.666948e-04 0
2.066122e-02 -2.763648e-04 0
2.101213e-02 -2.858983e-04 0
2.135994e-02 -2.952949e-04 0
2.170407e-02 -3.045548e-04 0
2.204393e-02 -3.136787e-04 0
2.237900e-02 -3.226676e-04 0
2.270878e-02 -3.315230e-04 0
2.303280e-02 -3.402469e-04 0
2.335063e-02 -3.488414e-04 0
2.366186e-02 -3.573091e-04 0
2.396609e-02 -3.656530e-04 0
2.426297e-02 -3.738762e-04 0
2.455214e-02 -3.819822e-04 0
2.483328e-02 -3.899748e-04 0
2.510607e-02 -3.978579e-04 0
2.537021e-02 -4.056359e-04 0
2.562541e-02 -4.133131e-04 0
2.587139e-02 -4.208943e-04 0
2.610788e-02 -4.283845e-04 0
2.633462e-02 -4.357886e-04 0
2.655134e-02 -4.431120e-04 0
2.675780e-02 -4.503602e-04 0
2.695373e-02 -4.575390e-04 0
2.713889e-02 -4.646541e-04 0
2.731302e-02 -4.717116e-04 0
2.747586e-02 -4.787177e-04 0
2.762717e-02 -4.856788e-04 0
2.776669e-02 -4.926015e-04 0
2.789414e-02 -4.994926e-04 0
2.800925e-02 -5.063590e-04 0
2.811175e-02 -5.132077e-04 0
2.820136e-02 -5.200461e-04 0
2.827777e-02 -5.268817e-04 0
2.834069e-02 -5.337220e-04 0
2.838982e-02 -5.405751e-04 0
2.842485e-02 -5.474488e-04 0
2.844545e-02 -5.543516e-04 0
2.845132e-02 -5.612919e-04 0
2.844214e-02 -5.682783e-04 0
2.841898e-02 -5.753198e-04 0
2.838425e-02 -5.824249e-04 0
2.834025e-02 -5.896005e-04 0
2.828898e-02 -5.968525e-04 0
2.823222e-02 -6.041857e-04 0
2.817143e-02 -6.116035e-04 0
2.810777e-02 -6.191086e-04 0
2.804212e-02 -6.267025e-04 0
2.797500e-02 -6.343858e-04 0
2.790661e-02 -6.421585e-04 0
2.783684e-02 -6.500192e-04 0
2.776526e-02 -6.579663e-04 0
2.769114e-02 -6.659970e-04 0
2.761345e-02 -6.741081e-04 0
2.753083e-02 -6.822955e-04 0
2.744163e-02 -6.905544e-04 0
2.734384e-02 -6.988797e-04 0
2.723517e-02 -7.072652e-04 0
2.711297e-02 -7.157046e-04 0
2.697431e-02 -7.241907e-04 0
2.681591e-02 -7.327157e-04 0
2.663419e-02 -7.412717e-04 0
2.642528e-02 -7.498497e-04 0
2.618501e-02 -7.584406e-04 0
2.590895e-02 -7.670346e-04 0
2.559239e-02 -7.756215e-04 0
2.523038e-02 -7.841904e-04 0
2.481775e-02 -7.927302e-04 0
2.434911e-02 -8.012290e-04 0
2.387217e-02 -8.091442e-04 0
2.343702e-02 -8.159782e-04 0
2.304288e-02 -8.218066e-04 0
2.268908e-02 -8.267007e-04 0
2.237498e-02 -8.307274e-04 0
2.210005e-02 -8.339496e-04 0
2.186380e-02 -8.364263e-04 0
2.166581e-02 -8.382130e-04 0
2.150569e-02 -8.393616e-04 0
2.138184e-02 -8.399210e-04 0
2.129159e-02 -8.399368e-04 0
2.123234e-02 -8.394518e-04 0
2.120162e-02 -8.385061e-04 0
2.119713e-02 -8.371373e-04 0
2.121671e-02 -8.353803e-04 0
2.125832e-02 -8.332679e-04 0
2.132003e-02 -8.308308e-04 0
2.140005e-02 -8.280973e-04 0
2.149668e-02 -8.250942e-04 0
2.160833e-02 -8.218461e-04 0
2.173351e-02 -8.183762e-04 0
2.187081e-02 -8.147056e-04 0
2.201891e-02 -8.108544e-04 0
2.217657e-02 -8.068409e-04 0
2.234263e-02 -8.026821e-04 0
2.251600e-02 -7.983937e-04 0
2.269566e-02 -7.939902e-04 0
2.288063e-02 -7.894849e-04 0
2.307002e-02 -7.848902e-04 0
2.326297e-02 -7.802172e-04 0
2.345868e-02 -7.754761e-04 0
2.365642e-02 -7.706763e-04 0
2.385545e-02 -7.658262e-04 0
2.405514e-02 -7.609335e-04 0
2.425484e-02 -7.560050e-04 0
2.445396e-02 -7.510469e-04 0
2.465197e-02 -7.460646e-04 0
2.484832e-02 -7.410629e-04 0
2.504253e-02 -7.360459e-04 0
2.523412e-02 -7.310173e-04 0
2.542266e-02 -7.259800e-04 0
2.560771e-02 -7.209366e-04 0
2.578888e-02 -7.158890e-04 0
2.596579e-02 -7.108387e-04 0
2.613806e-02 -7.057869e-04 0
2.630534e-02 -7.007341e-04 0
2.646730e-02 -6.956806e-04 0
2.662361e-02 -6.906261e-04 0
2.677395e-02 -6.855702e-04 0
2.691802e-02 -6.805119e-04 0
2.705550e-02 -6.754499e-04 0
2.718612e-02 -6.703827e-04 0
2.730958e-02 -6.653083e-04 0
2.742560e-02 -6.602245e-04 0
2.753388e-02 -6.551287e-04 0
2.763416e-02 -6.500181e-04 0
2.772615e-02 -6.448896e-04 0
2.780957e-02 -6.397398e-04 0
2.788412e-02 -6.345649e-04 0
2.794954e-02 -6.293610e-04 0
2.800554e-02 -6.241238e-04 0
2.805180e-02 -6.188489e-04 0
2.808800e-02 -6.135315e-04 0
2.811380e-02 -6.081665e-04 0
2.812888e-02 -6.027486e-04 0
2.813295e-02 -5.972723e-04 0
2.812570e-02 -5.917316e-04 0
2.810684e-02 -5.861204e-04 0
2.807609e-02 -5.804325e-04 0
2.803316e-02 -5.746609e-04 0
2.797778e-02 -5.687989e-04 0
2.791094e-02 -5.628390e-04 0
2.783497e-02 -5.567746e-04 0
2.775214e-02 -5.505999e-04 0
2.766448e-02 -5.443106e-04 0
2.757373e-02 -5.379031e-04 0
2.748136e-02 -5.313752e-04 0
2.738855e-02 -5.247253e-04 0
2.729616e-02 -5.179529e-04 0
2.720473e-02 -5.110581e-04 0
2.711447e-02 -5.040422e-04 0
2.702527e-02 -4.969069e-04 0
2.693668e-02 -4.896547e-04 0
2.684799e-02 -4.822889e-04 0
2.675817e-02 -4.748133e-04 0
2.666589e-02 -4.672324e-04 0
2.656949e-02 -4.595514e-04 0
2.646702e-02 -4.517758e-04 0
2.635619e-02 -4.439119e-04 0
2.623442e-02 -4.359663e-04 0
2.609880e-02 -4.279463e-04 0
2.594611e-02 -4.198596e-04 0
2.577282e-02 -4.117144e-04 0
2.557513e-02 -4.035193e-04 0
2.534893e-02 -3.952835e-04 0
2.508987e-02 -3.870165e-04 0
2.479330e-02 -3.787283e-04 0
2.445438e-02 -3.704294e-04 0
2.406801e-02 -3.621306e-04 0
2.362889e-02 -3.538433e-04 0
2.318251e-02 -3.450488e-04 0
2.277671e-02 -3.352729e-04 0
2.241078e-02 -3.246125e-04 0
2.208406e-02 -3.131581e-04 0
2.179600e-02 -3.009942e-04 0
2.154609e-02 -2.881994e-04 0
2.133389e-02 -2.748469e-04 0
2.115903e-02 -2.610046e-04 0
2.102104e-02 -2.467359e-04 0
2.091825e-02 -2.320995e-04 0
2.084798e-02 -2.171497e-04 0
2.080766e-02 -2.019370e-04 0
2.079490e-02 -1.865079e-04 0
2.080745e-02 -1.709056e-04 0
2.084318e-02 -1.551697e-04 0
2.090010e-02 -1.393369e-04 0
2.097635e-02 -1.234408e-04 0
2.107014e-02 -1.075121e-04 0
2.117984e-02 -9.157926e-05 0
2.130389e-02 -7.566797e-05 0
2.144082e-02 -5.980177e-05 0
2.158927e-02 -4.400204e-05 0
2.174794e-02 -2.828812e-05 0
2.191564e-02 -1.267748e-05 0
2.209123e-02 2.814176e-06 0
2.227364e-02 1.817282e-05 0
2.246187e-02 3.338598e-05 0
2.265499e-02 4.844260e-05 0
2.285211e-02 6.333303e-05 0
2.305241e-02 7.804886e-05 0
2.325511e-02 9.258288e-05 0
2.345947e-02 1.069290e-04 0
2.366482e-02 1.210822e-04 0
2.387051e-02 1.350383e-04 0
2.407593e-02 1.487941e-04 0
2.428050e-02 1.623474e-04 0
2.448368e-02 1.756966e-04 0
2.468497e-02 1.888409e-04 0
2.488389e-02 2.017802e-04 0
2.507997e-02 2.145150e-04 0
2.527280e-02 2.270464e-04 0
2.546195e-02 2.393761e-04 0
2.564704e-02 2.515064e-04 0
2.582770e-02 2.634400e-04 0
2.600356e-02 2.751799e-04 0
2.617430e-02 2.867299e-04 0
2.633957e-02 2.980940e-04 0
2.649906e-02 3.092764e-04 0
2.665247e-02 3.202820e-04 0
2.679949e-02 3.311158e-04 0
2.693983e-02 3.417831e-04 0
2.707320e-02 3.522898e-04 0
2.719932e-02 3.626417e-04 0
2.731792e-02 3.728451e-04 0
2.742872e-02 3.829064e-04 0
2.753143e-02 3.928324e-04 0
2.762579e-02 4.026301e-04 0
2.771151e-02 4.123066e-04 0
2.778832e-02 4.218694e-04 0
2.785594e-02 4.313260e-04 0
2.791408e-02 4.406844e-04 0
2.796245e-02 4.499526e-04 0
2.800076e-02 4.591388e-04 0
2.802871e-02 4.682515e-04 0
2.804599e-02 4.772993e-04 0
2.805231e-02 4.862910e-04 0
2.804735e-02 4.952358e-04 0
2.803080e-02 5.041429e-04 0
2.800235e-02 5.130218e-04 0
2.796169e-02 5.218822e-04 0
2.790850e-02 5.307339e-04 0
2.784378e-02 5.395872e-04 0
2.776986e-02 5.484515e-04 0
2.768903e-02 5.573353e-04 0
2.760331e-02 5.662455e-04 0
2.751446e-02 5.751880e-04 0
2.742395e-02 5.841676e-04 0
2.733294e-02 5.931879e-04 0
2.724229e-02 6.022517e-04 0
2.715256e-02 6.113608e-04 0
2.706394e-02 6.205160e-04 0
2.697632e-02 6.297174e-04 0
2.688927e-02 6.389641e-04 0
2.680206e-02 6.482548e-04 0
2.671367e-02 6.575869e-04 0
2.662274e-02 6.669576e-04 0
2.652763e-02 6.763632e-04 0
2.642638e-02 6.857993e-04 0
2.631669e-02 6.952609e-04 0
2.619597e-02 7.047425e-04 0
2.606128e-02 7.142380e-04 0
2.590939e-02 7.237405e-04 0
2.573676e-02 7.332429e-04 0
2.553957e-02 7.427371e-04 0
2.531367e-02 7.522150e-04 0
2.505467e-02 7.616674e-04 0
2.475793e-02 7.710851e-04 0
2.441854e-02 7.804581e-04 0
2.403137e-02 7.897758e-04 0
2.359108e-02 7.990273e-04 0
2.314331e-02 8.076707e-04 0
2.273606e-02 8.152090e-04 0
2.236859e-02 8.217187e-04 0
2.204027e-02 8.272717e-04 0
2.175053e-02 8.319356e-04 0
2.149886e-02 8.357739e-04 0
2.128481e-02 8.388464e-04 0
2.110802e-02 8.412090e-04 0
2.096813e-02 8.429144e-04 0
2.086363e-02 8.440120e-04 0
2.079191e-02 8.445479e-04 0
2.075040e-02 8.445657e-04 0
2.073667e-02 8.441059e-04 0
2.074847e-02 8.432066e-04 0
2.078365e-02 8.419032e-04 0
2.084022e-02 8.402292e-04 0
2.091627e-02 8.382155e-04 0
2.101004e-02 8.358911e-04 0
2.111987e-02 8.332832e-04 0
2.124418e-02 8.304168e-04 0
2.138150e-02 8.273155e-04 0
2.153047e-02 8.240010e-04 0
2.168977e-02 8.204936e-04 0
2.185821e-02 8.168121e-04 0
2.203462e-02 8.129739e-04 0
2.221795e-02 8.089950e-04 0
2.240718e-02 8.048904e-04 0
2.260137e-02 8.006736e-04 0
2.279963e-02 7.963574e-04 0
2.300114e-02 7.919532e-04 0
2.320510e-02 7.874717e-04 0
2.341078e-02 7.829223e-04 0
2.361750e-02 7.783140e-04 0
2.382459e-02 7.736545e-04 0
2.403146e-02 7.689512e-04 0
2.423751e-02 7.642103e-04 0
2.444222e-02 7.594376e-04 0
2.464506e-02 7.546381e-04 0
2.484556e-02 7.498163e-04 0
2.504326e-02 7.449759e-04 0
2.523772e-02 7.401203e-04 0
2.542852e-02 7.352520e-04 0
2.561529e-02 7.303734e-04 0
2.579764e-02 7.254862e-04 0
2.597521e-02 7.205916e-04 0
2.614767e-02 7.156904e-04 0
2.631467e-02 7.107832e-04 0
2.647591e-02 7.058698e-04 0
2.663107e-02 7.009499e-04 0
2.677985e-02 6.960227e-04 0
2.692196e-02 6.910873e-04 0
2.705711e-02 6.861420e-04 0
2.718502e-02 6.811852e-04 0
2.730541e-02 6.762147e-04 0
2.741800e-02 6.712283e-04 0
2.752251e-02 6.662230e-04 0
2.761867e-02 6.611961e-04 0
2.770619e-02 6.561442e-04 0
2.778482e-02 6.510637e-04 0
2.785423e-02 6.459507e-04 0
2.791415e-02 6.408013e-04 0
2.796432e-02 6.356109e-04 0
2.800444e-02 6.303750e-04 0
2.803416e-02 6.250885e-04 0
2.805312e-02 6.197463e-04 0
2.806102e-02 6.143428e-04 0
2.805755e-02 6.088724e-04 0
2.804240e-02 6.033290e-04 0
2.801527e-02 5.977063e-04 0
2.797588e-02 5.919976e-04 0
2.792397e-02 5.861961e-04 0
2.786052e-02 5.802947e-04 0
2.778790e-02 5.742864e-04 0
2.770839e-02 5.681660e-04 0
2.762400e-02 5.619288e-04 0
2.753646e-02 5.555717e-04 0
2.744724e-02 5.490922e-04 0
2.735749e-02 5.424890e-04 0
2.726807e-02 5.357615e-04 0
2.717950e-02 5.289101e-04 0
2.709197e-02 5.219358e-04 0
2.700535e-02 5.148407e-04 0
2.691922e-02 5.076272e-04 0
2.683283e-02 5.002986e-04 0
2.674516e-02 4.928590e-04 0
2.665484e-02 4.853127e-04 0
2.656022e-02 4.776649e-04 0
2.645931e-02 4.699214e-04 0
2.634980e-02 4.620884e-04 0
2.622906e-02 4.541725e-04 0
2.609415e-02 4.461811e-04 0
2.594180e-02 4.381220e-04 0
2.576845e-02 4.300033e-04 0
2.557021e-02 4.218338e-04 0
2.534293e-02 4.136226e-04 0
2.508217e-02 4.053793e-04 0
2.478322e-02 3.971140e-04 0
2.444114e-02 3.888370e-04 0
2.405075e-02 3.805594e-04 0
2.360665e-02 3.722925e-04 0
2.315477e-02 3.635176e-04 0
2.274342e-02 3.537605e-04 0
2.237188e-02 3.431182e-04 0
2.203950e-02 3.316813e-04 0
2.174569e-02 3.195343e-04 0
2.148994e-02 3.067557e-04 0
2.127180e-02 2.934187e-04 0
2.109089e-02 2.795915e-04 0
2.094689e-02 2.653373e-04 0
2.083854e-02 2.507147e-04 0
2.076338e-02 2.357783e-04 0
2.071882e-02 2.205785e-04 0
2.070243e-02 2.051618e-04 0
2.071189e-02 1.895714e-04 0
2.074507e-02 1.738471e-04 0
2.079992e-02 1.580253e-04 0
2.087455e-02 1.421398e-04 0
2.096715e-02 1.262214e-04 0
2.107605e-02 1.102983e-04 0
2.119967e-02 9.439652e-05 0
2.133652e-02 7.853945e-05 0
2.148520e-02 6.274849e-05 0
2.164440e-02 4.704302e-05 0
2.181291e-02 3.144051e-05 0
2.198955e-02 1.595667e-05 0
2.217325e-02 6.055458e-07 0
2.236300e-02 -1.460037e-05 0
2.255783e-02 -2.965003e-05 0
2.275685e-02 -4.453375e-05 0
2.295922e-02 -5.924314e-05 0
2.316415e-02 -7.377096e-05 0
2.337090e-02 -8.811111e-05 0
2.357876e-02 -1.022585e-04 0
2.378708e-02 -1.162091e-04 0
2.399525e-02 -1.299597e-04 0
2.420267e-02 -1.435079e-04 0
2.440881e-02 -1.568521e-04 0
2.461314e-02 -1.699917e-04 0
2.481517e-02 -1.829264e-04 0
2.501444e-02 -1.956568e-04 0
2.521052e-02 -2.081840e-04 0
2.540298e-02 -2.205097e-04 0
2.559143e-02 -2.326361e-04 0
2.577550e-02 -2.445659e-04 0
2.595482e-02 -2.563023e-04 0
2.612905e-02 -2.678488e-04 0
2.629785e-02 -2.792095e-04 0
2.646090e-02 -2.903887e-04 0
2.661789e-02 -3.013912e-04 0
2.676852e-02 -3.122220e-04 0
2.691249e-02 -3.228866e-04 0
2.704951e-02 -3.333905e-04 0
2.717929e-02 -3.437397e-04 0
2.730155e-02 -3.539406e-04 0
2.741602e-02 -3.639994e-04 0
2.752242e-02 -3.739231e-04 0
2.762047e-02 -3.837185e-04 0
2.770988e-02 -3.933929e-04 0
2.779038e-02 -4.029535e-04 0
2.786167e-02 -4.124082e-04 0
2.792348e-02 -4.217647e-04 0
2.797552e-02 -4.310310e-04 0
2.801747e-02 -4.402154e-04 0
2.804904e-02 -4.493264e-04 0
2.806992e-02 -4.583725e-04 0
2.807980e-02 -4.673627e-04 0
2.807836e-02 -4.763059e-04 0
2.806527e-02 -4.852116e-04 0
2.804022e-02 -4.940890e-04 0
2.800287e-02 -5.029480e-04 0
2.795289e-02 -5.117985e-04 0
2.789127e-02 -5.206505e-04 0
2.782041e-02 -5.295137e-04 0
2.774256e-02 -5.383963e-04 0
2.765975e-02 -5.473054e-04 0
2.757371e-02 -5.562468e-04 0
2.748589e-02 -5.652253e-04 0
2.739745e-02 -5.742446e-04 0
2.730923e-02 -5.833075e-04 0
2.722176e-02 -5.924156e-04 0
2.713521e-02 -6.015700e-04 0
2.704946e-02 -6.107705e-04 0
2.696407e-02 -6.200165e-04 0
2.687830e-02 -6.293063e-04 0
2.679112e-02 -6.386377e-04 0
2.670115e-02 -6.480077e-04 0
2.660673e-02 -6.574125e-04 0
2.650586e-02 -6.668480e-04 0
2.639621e-02 -6.763090e-04 0
2.627515e-02 -6.857900e-04 0
2.613969e-02 -6.952848e-04 0
2.598656e-02 -7.047868e-04 0
2.581216e-02 -7.142886e-04 0
2.561257e-02 -7.237824e-04 0
2.538361e-02 -7.332597e-04 0
2.512079e-02 -7.427117e-04 0
2.481938e-02 -7.521289e-04 0
2.447438e-02 -7.615014e-04 0
2.408057e-02 -7.708187e-04 0
2.363250e-02 -7.800698e-04 0
2.317638e-02 -7.887127e-04 0
2.276083e-02 -7.962507e-04 0
2.238512e-02 -8.027600e-04 0
2.204858e-02 -8.083127e-04 0
2.175064e-02 -8.129762e-04 0
2.149076e-02 -8.168142e-04 0
2.126850e-02 -8.198864e-04 0
2.108346e-02 -8.222487e-04 0
2.093533e-02 -8.239538e-04 0
2.082304e-02 -8.250511e-04 0
2.074434e-02 -8.255868e-04 0
2.069662e-02 -8.256043e-04 0
2.067740e-02 -8.251442e-04 0
2.068437e-02 -8.242446e-04 0
2.071536e-02 -8.229411e-04 0
2.076831e-02 -8.212668e-04 0
2.084130e-02 -8.192529e-04 0
2.093252e-02 -8.169284e-04 0
2.104027e-02 -8.143202e-04 0
2.116296e-02 -8.114537e-04 0
2.129908e-02 -8.083521e-04 0
2.144722e-02 -8.050375e-04 0
2.160607e-02 -8.015299e-04 0
2.177438e-02 -7.978483e-04 0
2.195099e-02 -7.940099e-04 0
2.213480e-02 -7.900309e-04 0
2.232479e-02 -7.859261e-04 0
2.251999e-02 -7.817092e-04 0
2.271949e-02 -7.773929e-04 0
2.292245e-02 -7.729885e-04 0
2.312807e-02 -7.685068e-04 0
2.333560e-02 -7.639574e-04 0
2.354433e-02 -7.593489e-04 0
2.375359e-02 -7.546894e-04 0
2.396278e-02 -7.499859e-04 0
2.417128e-02 -7.452450e-04 0
2.437857e-02 -7.404722e-04 0
2.458410e-02 -7.356726e-04 0
2.478740e-02 -7.308507e-04 0
2.498798e-02 -7.260102e-04 0
2.518542e-02 -7.211545e-04 0
2.537928e-02 -7.162862e-04 0
2.556918e-02 -7.114075e-04 0
2.575472e-02 -7.065202e-04 0
2.593555e-02 -7.016255e-04 0
2.611132e-02 -6.967243e-04 0
2.628168e-02 -6.918170e-04 0
2.644632e-02 -6.869035e-04 0
2.660493e-02 -6.819835e-04 0
2.675719e-02 -6.770564e-04 0
2.690280e-02 -6.721208e-04 0
2.704149e-02 -6.671755e-04 0
2.717296e-02 -6.622186e-04 0
2.729693e-02 -6.572481e-04 0
2.741312e-02 -6.522616e-04 0
2.752126e-02 -6.472564e-04 0
2.762105e-02 -6.422294e-04 0
2.771222e-02 -6.371774e-04 0
2.779448e-02 -6.320969e-04 0
2.786755e-02 -6.269839e-04 0
2.793114e-02 -6.218344e-04 0
2.798497e-02 -6.166440e-04 0
2.802874e-02 -6.114080e-04 0
2.806209e-02 -6.061215e-04 0
2.808466e-02 -6.007793e-04 0
2.809614e-02 -5.953758e-04 0
2.809621e-02 -5.899054e-04 0
2.808454e-02 -5.843619e-04 0
2.806082e-02 -5.787392e-04 0
2.802475e-02 -5.730305e-04 0
2.797604e-02 -5.672290e-04 0
2.791569e-02 -5.613275e-04 0
2.784611e-02 -5.553193e-04 0
2.776956e-02 -5.491988e-04 0
2.768803e-02 -5.429616e-04 0
2.760325e-02 -5.366045e-04 0
2.751667e-02 -5.301250e-04 0
2.742944e-02 -5.235217e-04 0
2.734237e-02 -5.167942e-04 0
2.725598e-02 -5.099428e-04 0
2.717045e-02 -5.029685e-04 0
2.708563e-02 -4.958734e-04 0
2.700109e-02 -4.886599e-04 0
2.691607e-02 -4.813313e-04 0
2.682953e-02 -4.738916e-04 0
2.674009e-02 -4.663453e-04 0
2.664606e-02 -4.586976e-04 0
2.654543e-02 -4.509540e-04 0
2.643585e-02 -4.431209e-04 0
2.631467e-02 -4.352051e-04 0
2.617889e-02 -4.272137e-04 0
2.602519e-02 -4.191546e-04 0
2.584994e-02 -4.110359e-04 0
2.564920e-02 -4.028664e-04 0
2.541873e-02 -3.946551e-04 0
2.515402e-02 -3.864118e-04 0
2.485027e-02 -3.781465e-04 0
2.450243e-02 -3.698695e-04 0
2.410525e-02 -3.615919e-04 0
2.365320e-02 -3.533249e-04 0
2.319281e-02 -3.445500e-04 0
2.277302e-02 -3.347929e-04 0
2.239308e-02 -3.241507e-04 0
2.205234e-02 -3.127138e-04 0
2.175019e-02 -3.005667e-04 0
2.148611e-02 -2.877881e-04 0
2.125963e-02 -2.744512e-04 0
2.107037e-02 -2.606239e-04 0
2.091798e-02 -2.463697e-04 0
2.080166e-02 -2.317471e-04 0
2.071935e-02 -2.168107e-04 0
2.066841e-02 -2.016109e-04 0
2.064635e-02 -1.861942e-04 0
2.065084e-02 -1.706038e-04 0
2.067966e-02 -1.548794e-04 0
2.073076e-02 -1.390577e-04 0
2.080219e-02 -1.231721e-04 0
2.089212e-02 -1.072537e-04 0
2.099882e-02 -9.133070e-05 0
2.112069e-02 -7.542888e-05 0
2.125622e-02 -5.957180e-05 0
2.140397e-02 -4.378083e-05 0
2.156261e-02 -2.807536e-05 0
2.173089e-02 -1.247285e-05 0
2.190764e-02 3.010999e-06 0
2.209173e-02 1.836213e-05 0
2.228214e-02 3.356804e-05 0
2.247790e-02 4.861771e-05 0
2.267808e-02 6.350144e-05 0
2.288183e-02 7.821082e-05 0
2.308834e-02 9.273865e-05 0
2.329686e-02 1.070788e-04 0
2.350667e-02 1.212262e-04 0
2.371710e-02 1.351768e-04 0
2.392753e-02 1.489274e-04 0
2.413735e-02 1.624756e-04 0
2.434600e-02 1.758199e-04 0
2.455297e-02 1.889594e-04 0
2.475774e-02 2.018941e-04 0
2.495986e-02 2.146245e-04 0
2.515887e-02 2.271517e-04 0
2.535434e-02 2.394774e-04 0
2.554589e-02 2.516038e-04 0
2.573311e-02 2.635336e-04 0
2.591565e-02 2.752700e-04 0
2.609315e-02 2.868165e-04 0
2.626527e-02 2.981772e-04 0
2.643169e-02 3.093564e-04 0
2.659209e-02 3.203589e-04 0
2.674616e-02 3.311898e-04 0
2.689361e-02 3.418543e-04 0
2.703413e-02 3.523582e-04 0
2.716745e-02 3.627075e-04 0
2.729326e-02 3.729083e-04 0
2.741131e-02 3.829672e-04 0
2.752129e-02 3.928908e-04 0
2.762293e-02 4.026862e-04 0
2.771595e-02 4.123606e-04 0
2.780006e-02 4.219213e-04 0
2.787497e-02 4.313759e-04 0
2.794040e-02 4.407324e-04 0
2.799603e-02 4.499987e-04 0
2.804159e-02 4.591831e-04 0
2.807674e-02 4.682941e-04 0
2.810119e-02 4.773402e-04 0
2.811460e-02 4.863304e-04 0
2.811666e-02 4.952737e-04 0
2.810703e-02 5.041793e-04 0
2.808537e-02 5.130568e-04 0
2.805133e-02 5.219158e-04 0
2.800456e-02 5.307662e-04 0
2.794606e-02 5.396182e-04 0
2.787824e-02 5.484814e-04 0
2.780337e-02 5.573640e-04 0
2.772344e-02 5.662731e-04 0
2.764017e-02 5.752145e-04 0
2.755500e-02 5.841930e-04 0
2.746909e-02 5.932124e-04 0
2.738324e-02 6.022752e-04 0
2.729796e-02 6.113834e-04 0
2.721343e-02 6.205377e-04 0
2.712950e-02 6.297382e-04 0
2.704572e-02 6.389842e-04 0
2.696135e-02 6.482740e-04 0
2.687533e-02 6.576054e-04 0
2.678627e-02 6.669754e-04 0
2.669247e-02 6.763803e-04 0
2.659191e-02 6.858157e-04 0
2.648223e-02 6.952767e-04 0
2.636076e-02 7.047577e-04 0
2.622446e-02 7.142526e-04 0
2.607001e-02 7.237546e-04 0
2.589375e-02 7.332563e-04 0
2.569169e-02 7.427501e-04 0
2.545957e-02 7.522274e-04 0
2.519283e-02 7.616794e-04 0
2.488663e-02 7.710966e-04 0
2.453590e-02 7.804691e-04 0
2.413531e-02 7.897864e-04 0
2.367930e-02 7.990375e-04 0
2.321468e-02 8.076805e-04 0
2.279069e-02 8.152184e-04 0
2.240659e-02 8.217278e-04 0
2.206171e-02 8.272804e-04 0
2.175544e-02 8.319440e-04 0
2.148725e-02 8.357820e-04 0
2.125666e-02 8.388541e-04 0
2.106328e-02 8.412164e-04 0
2.090676e-02 8.429215e-04 0
2.078649e-02 8.440188e-04 0
2.070063e-02 8.445545e-04 0
2.064651e-02 8.445720e-04 0
2.062162e-02 8.441120e-04 0
2.062360e-02 8.432124e-04 0
2.065023e-02 8.419088e-04 0
2.069941e-02 8.402346e-04 0
2.076919e-02 8.382207e-04 0
2.085771e-02 8.358961e-04 0
2.096326e-02 8.332880e-04 0
2.108418e-02 8.304214e-04 0
2.121897e-02 8.273199e-04 0
2.136617e-02 8.240052e-04 0
2.152445e-02 8.204977e-04 0
2.169252e-02 8.168160e-04 0
2.186922e-02 8.129776e-04 0
2.205341e-02 8.089986e-04 0
2.224405e-02 8.048938e-04 0
2.244016e-02 8.006770e-04 0
2.264081e-02 7.963606e-04 0
2.284514e-02 7.919563e-04 0
2.305234e-02 7.874746e-04 0
2.326163e-02 7.829251e-04 0
2.347229e-02 7.783167e-04 0
2.368366e-02 7.736571e-04 0
2.389509e-02 7.689537e-04 0
2.410599e-02 7.642127e-04 0
2.431578e-02 7.594399e-04 0
2.452394e-02 7.546404e-04 0
2.472997e-02 7.498184e-04 0
2.493339e-02 7.449780e-04 0
2.513375e-02 7.401222e-04 0
2.533062e-02 7.352539e-04 0
2.552359e-02 7.303752e-04 0
2.571228e-02 7.254879e-04 0
2.589632e-02 7.205933e-04 0
2.607535e-02 7.156921e-04 0
2.624903e-02 7.107847e-04 0
2.641704e-02 7.058713e-04 0
2.657904e-02 7.009513e-04 0
2.673474e-02 6.960241e-04 0
2.688383e-02 6.910886e-04 0
2.702601e-02 6.861433e-04 0
2.716101e-02 6.811864e-04 0
2.728852e-02 6.762159e-04 0
2.740827e-02 6.712294e-04 0
2.751998e-02 6.662241e-04 0
2.762335e-02 6.611971e-04 0
2.771811e-02 6.561452e-04 0
2.780398e-02 6.510646e-04 0
2.788065e-02 6.459516e-04 0
2.794785e-02 6.408022e-04 0
2.800528e-02 6.356118e-04 0
2.805260e-02 6.303758e-04 0
2.808952e-02 6.250892e-04 0
2.811574e-02 6.197470e-04 0
2.813090e-02 6.143435e-04 0
2.813461e-02 6.088731e-04 0
2.812653e-02 6.033297e-04 0
2.810634e-02 5.977069e-04 0
2.807370e-02 5.919982e-04 0
2.802827e-02 5.861968e-04 0
2.797110e-02 5.802953e-04 0
2.790462e-02 5.742870e-04 0
2.783107e-02 5.681665e-04 0
2.775244e-02 5.619294e-04 0
2.767045e-02 5.555723e-04 0
2.758653e-02 5.490928e-04 0
2.750180e-02 5.424895e-04 0
2.741709e-02 5.357620e-04 0
2.733288e-02 5.289106e-04 0
2.724933e-02 5.219363e-04 0
2.716631e-02 5.148411e-04 0
2.708334e-02 5.076276e-04 0
2.699969e-02 5.002991e-04 0
2.691427e-02 4.928594e-04 0
2.682570e-02 4.853131e-04 0
2.673226e-02 4.776653e-04 0
2.663192e-02 4.699218e-04 0
2.652230e-02 4.620887e-04 0
2.640070e-02 4.541729e-04 0
2.626406e-02 4.461815e-04 0
2.610903e-02 4.381223e-04 0
2.593192e-02 4.300037e-04 0
2.572870e-02 4.218341e-04 0
2.549508e-02 4.136229e-04 0
2.522646e-02 4.053796e-04 0
2.491795e-02 3.971142e-04 0
2.456441e-02 3.888373e-04 0
2.416048e-02 3.805597e-04 0
2.370054e-02 3.722927e-04 0
2.323170e-02 3.635178e-04 0
2.280351e-02 3.537607e-04 0
2.241524e-02 3.431184e-04 0
2.206619e-02 3.316816e-04 0
2.175578e-02 3.195345e-04 0
2.148344e-02 3.067559e-04 0
2.124870e-02 2.934189e-04 0
2.105114e-02 2.795917e-04 0
2.089043e-02 2.653374e-04 0
2.076616e-02 2.507149e-04 0
2.067669e-02 2.357785e-04 0
2.061936e-02 2.205786e-04 0
2.059164e-02 2.051620e-04 0
2.059112e-02 1.895716e-04 0
2.061558e-02 1.738472e-04 0
2.066290e-02 1.580254e-04 0
2.073110e-02 1.421399e-04 0
2.081830e-02 1.262215e-04 0
2.092278e-02 1.102985e-04 0
2.104286e-02 9.439664e-05 0
2.117702e-02 7.853956e-05 0
2.132380e-02 6.274860e-05 0
2.148184e-02 4.704312e-05 0
2.164985e-02 3.144061e-05 0
2.182664e-02 1.595676e-05 0
2.201108e-02 6.056321e-07 0
2.220211e-02 -1.460029e-05 0
2.239874e-02 -2.964995e-05 0
2.260003e-02 -4.453368e-05 0
2.280511e-02 -5.924307e-05 0
2.301315e-02 -7.377089e-05 0
2.322339e-02 -8.811105e-05 0
2.343509e-02 -1.022585e-04 0
2.364757e-02 -1.162090e-04 0
2.386020e-02 -1.299596e-04 0
2.407236e-02 -1.435078e-04 0
2.428348e-02 -1.568521e-04 0
2.449303e-02 -1.699917e-04 0
2.470050e-02 -1.829264e-04 0
2.490540e-02 -1.956568e-04 0
2.510729e-02 -2.081840e-04 0
2.530573e-02 -2.205097e-04 0
2.550031e-02 -2.326361e-04 0
2.569064e-02 -2.445659e-04 0
2.587635e-02 -2.563022e-04 0
2.605707e-02 -2.678488e-04 0
2.623247e-02 -2.792095e-04 0
2.640221e-02 -2.903887e-04 0
2.656598e-02 -3.013912e-04 0
2.672345e-02 -3.122220e-04 0
2.687434e-02 -3.228865e-04 0
2.701832e-02 -3.333905e-04 0
2.715513e-02 -3.437397e-04 0
2.728446e-02 -3.539405e-04 0
2.740603e-02 -3.639994e-04 0
2.751956e-02 -3.739231e-04 0
2.762477e-02 -3.837185e-04 0
2.772136e-02 -3.933928e-04 0
2.780905e-02 -4.029535e-04 0
2.788755e-02 -4.124082e-04 0
2.795656e-02 -4.217647e-04 0
2.801579e-02 -4.310310e-04 0
2.806491e-02 -4.402154e-04 0
2.810364e-02 -4.493263e-04 0
2.813163e-02 -4.583725e-04 0
2.814857e-02 -4.673626e-04 0
2.815413e-02 -4.763059e-04 0
2.814795e-02 -4.852115e-04 0
2.812969e-02 -4.940890e-04 0
2.809898e-02 -5.029480e-04 0
2.805544e-02 -5.117984e-04 0
2.800009e-02 -5.206505e-04 0
2.793534e-02 -5.295136e-04 0
2.786345e-02 -5.383962e-04 0
2.778640e-02 -5.473053e-04 0
2.770592e-02 -5.562468e-04 0
2.762341e-02 -5.652253e-04 0
2.754001e-02 -5.742446e-04 0
2.745653e-02 -5.833075e-04 0
2.737344e-02 -5.924156e-04 0
2.729092e-02 -6.015699e-04 0
2.720879e-02 -6.107705e-04 0
2.712663e-02 -6.200164e-04 0
2.704365e-02 -6.293063e-04 0
2.695878e-02 -6.386377e-04 0
2.687063e-02 -6.480077e-04 0
2.677748e-02 -6.574125e-04 0
2.667726e-02 -6.668479e-04 0
2.656758e-02 -6.763089e-04 0
2.644572e-02 -6.857900e-04 0
2.630862e-02 -6.952848e-04 0
2.615290e-02 -7.047868e-04 0
2.597481e-02 -7.142886e-04 0
2.577033e-02 -7.237823e-04 0
2.553511e-02 -7.332597e-04 0
2.526451e-02 -7.427116e-04 0
2.495361e-02 -7.521289e-04 0
2.459721e-02 -7.615014e-04 0
2.418991e-02 -7.708187e-04 0
2.372603e-02 -7.800698e-04 0
2.325297e-02 -7.887127e-04 0
2.282060e-02 -7.962507e-04 0
2.242817e-02 -8.027600e-04 0
2.207501e-02 -8.083126e-04 0
2.176047e-02 -8.129762e-04 0
2.148403e-02 -8.168142e-04 0
2.124518e-02 -8.198863e-04 0
2.104352e-02 -8.222487e-04 0
2.087869e-02 -8.239538e-04 0
2.075037e-02 -8.250511e-04 0
2.065716e-02 -8.255868e-04 0
2.059648e-02 -8.256043e-04 0
2.056576e-02 -8.251442e-04 0
2.056261e-02 -8.242446e-04 0
2.058474e-02 -8.229411e-04 0
2.063005e-02 -8.212668e-04 0
2.069651e-02 -8.192529e-04 0
2.078225e-02 -8.169284e-04 0
2.088550e-02 -8.143202e-04 0
2.100460e-02 -8.114536e-04 0
2.113798e-02 -8.083521e-04 0
2.128419e-02 -8.050375e-04 0
2.144184e-02 -8.015299e-04 0
2.160965e-02 -7.978482e-04 0
2.178639e-02 -7.940099e-04 0
2.197094e-02 -7.900309e-04 0
2.216221e-02 -7.859261e-04 0
2.235922e-02 -7.817092e-04 0
2.256101e-02 -7.773929e-04 0
2.276670e-02 -7.729885e-04 0
2.297547e-02 -7.685068e-04 0
2.318652e-02 -7.639574e-04 0
2.339913e-02 -7.593489e-04 0
2.361260e-02 -7.546894e-04 0
2.382629e-02 -7.499859e-04 0
2.403958e-02 -7.452450e-04 0
2.425190e-02 -7.404722e-04 0
2.446271e-02 -7.356726e-04 0
2.467149e-02 -7.308507e-04 0
2.487777e-02 -7.260102e-04 0
2.508107e-02 -7.211545e-04 0
2.528097e-02 -7.162862e-04 0
2.547704e-02 -7.114075e-04 0
2.566891e-02 -7.065202e-04 0
2.585619e-02 -7.016255e-04 0
2.603851e-02 -6.967243e-04 0
2.621554e-02 -6.918170e-04 0
2.638693e-02 -6.869035e-04 0
2.655237e-02 -6.819836e-04 0
2.671154e-02 -6.770564e-04 0
2.686413e-02 -6.721208e-04 0
2.700985e-02 -6.671755e-04 0
2.714840e-02 -6.622187e-04 0
2.727949e-02 -6.572482e-04 0
2.740284e-02 -6.522616e-04 0
2.751816e-02 -6.472564e-04 0
2.762516e-02 -6.422294e-04 0
2.772356e-02 -6.371774e-04 0
2.781305e-02 -6.320969e-04 0
2.789336e-02 -6.269839e-04 0
2.796420e-02 -6.218344e-04 0
2.802527e-02 -6.166440e-04 0
2.807625e-02 -6.114080e-04 0
2.811684e-02 -6.061215e-04 0
2.814673e-02 -6.007793e-04 0
2.816553e-02 -5.953758e-04 0
2.817286e-02 -5.899054e-04 0
2.816836e-02 -5.843619e-04 0
2.815170e-02 -5.787392e-04 0
2.812253e-02 -5.730305e-04 0
2.808048e-02 -5.672290e-04 0
2.802659e-02 -5.613275e-04 0
2.796328e-02 -5.553193e-04 0
2.789281e-02 -5.491988e-04 0
2.781714e-02 -5.429617e-04 0
2.773798e-02 -5.366045e-04 0
2.765676e-02 -5.301250e-04 0
2.757458e-02 -5.235218e-04 0
2.749225e-02 -5.167943e-04 0
2.741024e-02 -5.099428e-04 0
2.732870e-02 -5.029686e-04 0
2.724748e-02 -4.958734e-04 0
2.716612e-02 -4.886599e-04 0
2.708385e-02 -4.813314e-04 0
2.699958e-02 -4.738917e-04 0
2.691191e-02 -4.663454e-04 0
2.681910e-02 -4.586976e-04 0
2.671908e-02 -4.509541e-04 0
2.660944e-02 -4.431210e-04 0
2.648744e-02 -4.352052e-04 0
2.634999e-02 -4.272138e-04 0
2.619366e-02 -4.191546e-04 0
2.601472e-02 -4.110360e-04 0
2.580907e-02 -4.028664e-04 0
2.557235e-02 -3.946552e-04 0
2.529985e-02 -3.864119e-04 0
2.498662e-02 -3.781465e-04 0
2.462742e-02 -3.698696e-04 0
2.421677e-02 -3.615920e-04 0
2.374896e-02 -3.533250e-04 0
2.327168e-02 -3.445501e-04 0
2.283513e-02 -3.347930e-04 0
2.243855e-02 -3.241507e-04 0
2.208124e-02 -3.127139e-04 0
2.176258e-02 -3.005668e-04 0
2.148201e-02 -2.877882e-04 0
2.123904e-02 -2.744512e-04 0
2.103324e-02 -2.606240e-04 0
2.086425e-02 -2.463697e-04 0
2.073178e-02 -2.317472e-04 0
2.063464e-02 -2.168108e-04 0
2.057045e-02 -2.016109e-04 0
2.053663e-02 -1.861943e-04 0
2.053073e-02 -1.706039e-04 0
2.055048e-02 -1.548795e-04 0
2.059371e-02 -1.390577e-04 0
2.065841e-02 -1.231722e-04 0
2.074266e-02 -1.072538e-04 0
2.084469e-02 -9.133076e-05 0
2.096281e-02 -7.542894e-05 0
2.109545e-02 -5.957186e-05 0
2.124113e-02 -4.378089e-05 0
2.139845e-02 -2.807542e-05 0
2.156611e-02 -1.247290e-05 0
2.174287e-02 3.010943e-06 0
2.192761e-02 1.836207e-05 0
2.211922e-02 3.356799e-05 0
2.231670e-02 4.861765e-05 0
2.251909e-02 6.350139e-05 0
2.272550e-02 7.821077e-05 0
2.293509e-02 9.273860e-05 0
2.314707e-02 1.070788e-04 0
2.336071e-02 1.212262e-04 0
2.357530e-02 1.351768e-04 0
2.379018e-02 1.489273e-04 0
2.400474e-02 1.624755e-04 0
2.421841e-02 1.758198e-04 0
2.443062e-02 1.889594e-04 0
2.464085e-02 2.018941e-04 0
2.484863e-02 2.146245e-04 0
2.505349e-02 2.271517e-04 0
2.525498e-02 2.394774e-04 0
2.545270e-02 2.516038e-04 0
2.564623e-02 2.635336e-04 0
2.583520e-02 2.752699e-04 0
2.601926e-02 2.868165e-04 0
2.619804e-02 2.981772e-04 0
2.637121e-02 3.093564e-04 0
2.653844e-02 3.203589e-04 0
2.669942e-02 3.311897e-04 0
2.685384e-02 3.418543e-04 0
2.700140e-02 3.523582e-04 0
2.714180e-02 3.627074e-04 0
2.727475e-02 3.729083e-04 0
2.739996e-02 3.829671e-04 0
2.751715e-02 3.928908e-04 0
2.762601e-02 4.026862e-04 0
2.772628e-02 4.123606e-04 0
2.781765e-02 4.219213e-04 0
2.789983e-02 4.313759e-04 0
2.797253e-02 4.407324e-04 0
2.803544e-02 4.499987e-04 0
2.808824e-02 4.591831e-04 0
2.813063e-02 4.682941e-04 0
2.816228e-02 4.773402e-04 0
2.818285e-02 4.863304e-04 0
2.819200e-02 4.952736e-04 0
2.818939e-02 5.041793e-04 0
2.817464e-02 5.130567e-04 0
2.814739e-02 5.219157e-04 0
2.810722e-02 5.307662e-04 0
2.805514e-02 5.396182e-04 0
2.799359e-02 5.484813e-04 0
2.792479e-02 5.573640e-04 0
2.785073e-02 5.662730e-04 0
2.777310e-02 5.752145e-04 0
2.769332e-02 5.841930e-04 0
2.761251e-02 5.932123e-04 0
2.753144e-02 6.022752e-04 0
2.745059e-02 6.113833e-04 0
2.737011e-02 6.205377e-04 0
2.728983e-02 6.297382e-04 0
2.720931e-02 6.389842e-04 0
2.712776e-02 6.482740e-04 0
2.704410e-02 6.576054e-04 0
2.695689e-02 6.669754e-04 0
2.686441e-02 6.763802e-04 0
2.676455e-02 6.858156e-04 0
2.665491e-02 6.952767e-04 0
2.653271e-02 7.047577e-04 0
2.639483e-02 7.142525e-04 0
2.623785e-02 7.237545e-04 0
2.605798e-02 7.332563e-04 0
2.585110e-02 7.427500e-04 0
2.561280e-02 7.522274e-04 0
2.533835e-02 7.616794e-04 0
2.502273e-02 7.710966e-04 0
2.466068e-02 7.804691e-04 0
2.424666e-02 7.897864e-04 0
2.377489e-02 7.990375e-04 0
2.329337e-02 8.076804e-04 0
2.285262e-02 8.152184e-04 0
2.245187e-02 8.217277e-04 0
2.209041e-02 8.272804e-04 0
2.176762e-02 8.319439e-04 0
2.148292e-02 8.357819e-04 0
2.123583e-02 8.388541e-04 0
2.102590e-02 8.412164e-04 0
2.085277e-02 8.429215e-04 0
2.071614e-02 8.440188e-04 0
2.061505e-02 8.445545e-04 0
2.054733e-02 8.445720e-04 0
2.051036e-02 8.441119e-04 0
2.050168e-02 8.432123e-04 0
2.051898e-02 8.419088e-04 0
2.056008e-02 8.402345e-04 0
2.062295e-02 8.382206e-04 0
2.070565e-02 8.358961e-04 0
2.080639e-02 8.332879e-04 0
2.092346e-02 8.304214e-04 0
2.105528e-02 8.273198e-04 0
2.120034e-02 8.240052e-04 0
2.135725e-02 8.204976e-04 0
2.152468e-02 8.168160e-04 0
2.170139e-02 8.129776e-04 0
2.188622e-02 8.089986e-04 0
2.207808e-02 8.048938e-04 0
2.227594e-02 8.006769e-04 0
2.247885e-02 7.963606e-04 0
2.268589e-02 7.919563e-04 0
2.289622e-02 7.874745e-04 0
2.310905e-02 7.829251e-04 0
2.332362e-02 7.783166e-04 0
2.353922e-02 7.736571e-04 0
2.375520e-02 7.689537e-04 0
2.397094e-02 7.642127e-04 0
2.418584e-02 7.594399e-04 0
2.439934e-02 7.546403e-04 0
2.461094e-02 7.498184e-04 0
2.482013e-02 7.449779e-04 0
2.502645e-02 7.401222e-04 0
2.522945e-02 7.352539e-04 0
2.542871e-02 7.303752e-04 0
2.562383e-02 7.254879e-04 0
2.581442e-02 7.205932e-04 0
2.600012e-02 7.156920e-04 0
2.618058e-02 7.107847e-04 0
2.635546e-02 7.058712e-04 0
2.652441e-02 7.009513e-04 0
2.668714e-02 6.960241e-04 0
2.684333e-02 6.910885e-04 0
2.699267e-02 6.861432e-04 0
2.713487e-02 6.811864e-04 0
2.726963e-02 6.762159e-04 0
2.739667e-02 6.712294e-04 0
2.751570e-02 6.662241e-04 0
2.762641e-02 6.611971e-04 0
2.772853e-02 6.561451e-04 0
2.782177e-02 6.510646e-04 0
2.790582e-02 6.459516e-04 0
2.798038e-02 6.408021e-04 0
2.804517e-02 6.356117e-04 0
2.809987e-02 6.303757e-04 0
2.814417e-02 6.250892e-04 0
2.817771e-02 6.197470e-04 0
2.820012e-02 6.143435e-04 0
2.821107e-02 6.088731e-04 0
2.821018e-02 6.033296e-04 0
2.819709e-02 5.977068e-04 0
2.817144e-02 5.919982e-04 0
2.813285e-02 5.861967e-04 0
2.808233e-02 5.802951e-04 0
2.802229e-02 5.742869e-04 0
2.795497e-02 5.681664e-04 0
2.788234e-02 5.619293e-04 0
2.780609e-02 5.555721e-04 0
2.772763e-02 5.490926e-04 0
2.764807e-02 5.424894e-04 0
2.756818e-02 5.357618e-04 0
2.748843e-02 5.289104e-04 0
2.740896e-02 5.219361e-04 0
2.732962e-02 5.148410e-04 0
2.724992e-02 5.076275e-04 0
2.716911e-02 5.002989e-04 0
2.708606e-02 4.928592e-04 0
2.699935e-02 4.853129e-04 0
2.690723e-02 4.776652e-04 0
2.680759e-02 4.699216e-04 0
2.669799e-02 4.620886e-04 0
2.657565e-02 4.541727e-04 0
2.643744e-02 4.461813e-04 0
2.627987e-02 4.381222e-04 0
2.609915e-02 4.300035e-04 0
2.589111e-02 4.218340e-04 0
2.565130e-02 4.136228e-04 0
2.537496e-02 4.053795e-04 0
2.505702e-02 3.971141e-04 0
2.469216e-02 3.888371e-04 0
2.427479e-02 3.805595e-04 0
2.379908e-02 3.722926e-04 0
2.331333e-02 3.635177e-04 0
2.286838e-02 3.537606e-04 0
2.246345e-02 3.431183e-04 0
2.209784e-02 3.316814e-04 0
2.177091e-02 3.195344e-04 0
2.148209e-02 3.067558e-04 0
2.123086e-02 2.934188e-04 0
2.101679e-02 2.795916e-04 0
2.083950e-02 2.653373e-04 0
2.069869e-02 2.507148e-04 0
2.059361e-02 2.357784e-04 0
2.052232e-02 2.205785e-04 0
2.048218e-02 2.051618e-04 0
2.047071e-02 1.895715e-04 0
2.048556e-02 1.738471e-04 0
2.052455e-02 1.580253e-04 0
2.058559e-02 1.421398e-04 0
2.066677e-02 1.262214e-04 0
2.076624e-02 1.102984e-04 0
2.088229e-02 9.439654e-05 0
2.101332e-02 7.853946e-05 0
2.115782e-02 6.274850e-05 0
2.131435e-02 4.704302e-05 0
2.148159e-02 3.144051e-05 0
2.165830e-02 1.595667e-05 0
2.184328e-02 6.055428e-07 0
2.203544e-02 -1.460037e-05 0
2.223374e-02 -2.965004e-05 0
2.243722e-02 -4.453376e-05 0
2.264495e-02 -5.924315e-05 0
2.285609e-02 -7.377097e-05 0
2.306982e-02 -8.811113e-05 0
2.328539e-02 -1.022585e-04 0
2.350209e-02 -1.162091e-04 0
2.371924e-02 -1.299597e-04 0
2.393622e-02 -1.435079e-04 0
2.415244e-02 -1.568522e-04 0
2.436733e-02 -1.699917e-04 0
2.458036e-02 -1.829264e-04 0
2.479104e-02 -1.956568e-04 0
2.499890e-02 -2.081840e-04 0
2.520348e-02 -2.205097e-04 0
2.540435e-02 -2.326361e-04 0
2.560113e-02 -2.445659e-04 0
2.579340e-02 -2.563023e-04 0
2.598082e-02 -2.678488e-04 0
2.616302e-02 -2.792095e-04 0
2.633965e-02 -2.903887e-04 0
2.651040e-02 -3.013912e-04 0
2.667493e-02 -3.122221e-04 0
2.683293e-02 -3.228866e-04 0
2.698410e-02 -3.333905e-04 0
2.712814e-02 -3.437398e-04 0
2.726474e-02 -3.539406e-04 0
2.739363e-02 -3.639995e-04 0
2.751451e-02 -3.739231e-04 0
2.762708e-02 -3.837185e-04 0
2.773106e-02 -3.933929e-04 0
2.782615e-02 -4.029536e-04 0
2.791205e-02 -4.124082e-04 0
2.798848e-02 -4.217647e-04 0
2.805511e-02 -4.310310e-04 0
2.811164e-02 -4.402154e-04 0
2.815774e-02 -4.493264e-04 0
2.819308e-02 -4.583725e-04 0
2.821733e-02 -4.673627e-04 0
2.823014e-02 -4.763059e-04 0
2.823115e-02 -4.852116e-04 0
2.821998e-02 -4.940890e-04 0
2.819626e-02 -5.029480e-04 0
2.815955e-02 -5.117984e-04 0
2.811087e-02 -5.206505e-04 0
2.805259e-02 -5.295136e-04 0
2.798695e-02 -5.383962e-04 0
2.791593e-02 -5.473053e-04 0
2.784121e-02 -5.562468e-04 0
2.776420e-02 -5.652253e-04 0
2.768599e-02 -5.742446e-04 0
2.760736e-02 -5.833074e-04 0
2.752876e-02 -5.924156e-04 0
2.745034e-02 -6.015699e-04 0
2.737194e-02 -6.107705e-04 0
2.729309e-02 -6.200164e-04 0
2.721299e-02 -6.293063e-04 0
2.713054e-02 -6.386377e-04 0
2.704431e-02 -6.480076e-04 0
2.695251e-02 -6.574125e-04 0
2.685305e-02 -6.668479e-04 0
2.674345e-02 -6.763089e-04 0
2.662093e-02 -6.857899e-04 0
2.648231e-02 -6.952848e-04 0
2.632410e-02 -7.047868e-04 0
2.614246e-02 -7.142886e-04 0
2.593321e-02 -7.237823e-04 0
2.569185e-02 -7.332596e-04 0
2.541358e-02 -7.427116e-04 0
2.509328e-02 -7.521288e-04 0
2.472559e-02 -7.615013e-04 0
2.430486e-02 -7.708186e-04 0
2.382522e-02 -7.800697e-04 0
2.333525e-02 -7.887127e-04 0
2.288613e-02 -7.962506e-04 0
2.247706e-02 -8.027600e-04 0
2.210732e-02 -8.083126e-04 0
2.177629e-02 -8.129762e-04 0
2.148336e-02 -8.168142e-04 0
2.122804e-02 -8.198863e-04 0
2.100988e-02 -8.222486e-04 0
2.082848e-02 -8.239538e-04 0
2.068354e-02 -8.250510e-04 0
2.057453e-02 -8.255867e-04 0
2.049971e-02 -8.256043e-04 0
2.045643e-02 -8.251442e-04 0
2.044217e-02 -8.242446e-04 0
2.045458e-02 -8.229410e-04 0
2.049143e-02 -8.212668e-04 0
2.055064e-02 -8.192529e-04 0
2.063026e-02 -8.169283e-04 0
2.072843e-02 -8.143202e-04 0
2.084342e-02 -8.114536e-04 0
2.097362e-02 -8.083521e-04 0
2.111749e-02 -8.050374e-04 0
2.127359e-02 -8.015299e-04 0
2.144059e-02 -7.978482e-04 0
2.161721e-02 -7.940098e-04 0
2.180228e-02 -7.900308e-04 0
2.199467e-02 -7.859260e-04 0
2.219334e-02 -7.817092e-04 0
2.239731e-02 -7.773928e-04 0
2.260565e-02 -7.729885e-04 0
2.281751e-02 -7.685068e-04 0
2.303206e-02 -7.639574e-04 0
2.324854e-02 -7.593489e-04 0
2.346624e-02 -7.546894e-04 0
2.368447e-02 -7.499859e-04 0
2.390260e-02 -7.452449e-04 0
2.412003e-02 -7.404722e-04 0
2.433620e-02 -7.356726e-04 0
2.455057e-02 -7.308507e-04 0
2.476264e-02 -7.260102e-04 0
2.497193e-02 -7.211545e-04 0
2.517800e-02 -7.162861e-04 0
2.538040e-02 -7.114075e-04 0
2.557874e-02 -7.065202e-04 0
2.577261e-02 -7.016255e-04 0
2.596166e-02 -6.967243e-04 0
2.614551e-02 -6.918170e-04 0
2.632383e-02 -6.869035e-04 0
2.649628e-02 -6.819835e-04 0
2.666254e-02 -6.770563e-04 0
2.682228e-02 -6.721208e-04 0
2.697521e-02 -6.671755e-04 0
2.712103e-02 -6.622186e-04 0
2.725943e-02 -6.572481e-04 0
2.739012e-02 -6.522616e-04 0
2.751281e-02 -6.472564e-04 0
2.762722e-02 -6.422294e-04 0
2.773304e-02 -6.371774e-04 0
2.782998e-02 -6.320968e-04 0
2.791774e-02 -6.269839e-04 0
2.799602e-02 -6.218344e-04 0
2.806450e-02 -6.166440e-04 0
2.812288e-02 -6.114080e-04 0
2.817085e-02 -6.061214e-04 0
2.820808e-02 -6.007792e-04 0
2.823421e-02 -5.953757e-04 0
2.824889e-02 -5.899053e-04 0
2.825176e-02 -5.843619e-04 0
2.824240e-02 -5.787391e-04 0
2.822042e-02 -5.730304e-04 0
2.818544e-02 -5.672289e-04 0
2.813843e-02 -5.613274e-04 0
2.808177e-02 -5.553192e-04 0
2.801770e-02 -5.491987e-04 0
2.794817e-02 -5.429616e-04 0
2.787488e-02 -5.366044e-04 0
2.779922e-02 -5.301249e-04 0
2.772228e-02 -5.235217e-04 0
2.764483e-02 -5.167942e-04 0
2.756732e-02 -5.099427e-04 0
2.748990e-02 -5.029685e-04 0
2.741240e-02 -4.958733e-04 0
2.733434e-02 -4.886598e-04 0
2.725494e-02 -4.813312e-04 0
2.717307e-02 -4.738915e-04 0
2.708729e-02 -4.663453e-04 0
2.699583e-02 -4.586975e-04 0
2.689654e-02 -4.509540e-04 0
2.678696e-02 -4.431209e-04 0
2.666426e-02 -4.352050e-04 0
2.652527e-02 -4.272137e-04 0
2.636646e-02 -4.191545e-04 0
2.618395e-02 -4.110358e-04 0
2.597353e-02 -4.028663e-04 0
2.573067e-02 -3.946551e-04 0
2.545051e-02 -3.864118e-04 0
2.512792e-02 -3.781464e-04 0
2.475745e-02 -3.698695e-04 0
2.433342e-02 -3.615918e-04 0
2.384990e-02 -3.533249e-04 0
2.335576e-02 -3.445500e-04 0
2.290250e-02 -3.347929e-04 0
2.248933e-02 -3.241506e-04 0
2.211552e-02 -3.127138e-04 0
2.178042e-02 -3.005667e-04 0
2.148344e-02 -2.877881e-04 0
2.122406e-02 -2.744511e-04 0
2.100182e-02 -2.606239e-04 0
2.081634e-02 -2.463696e-04 0
2.066730e-02 -2.317471e-04 0
2.055435e-02 -2.168107e-04 0
2.047597e-02 -2.016108e-04 0
2.042952e-02 -1.861942e-04 0
2.041245e-02 -1.706038e-04 0
2.042240e-02 -1.548794e-04 0
2.045711e-02 -1.390576e-04 0
2.051448e-02 -1.231721e-04 0
2.059253e-02 -1.072537e-04 0
2.068941e-02 -9.133067e-05 0
2.080335e-02 -7.542885e-05 0
2.093272e-02 -5.957176e-05 0
2.107598e-02 -4.378080e-05 0
2.123167e-02 -2.807533e-05 0
2.139844e-02 -1.247281e-05 0
2.157501e-02 3.011030e-06 0
2.176018e-02 1.836216e-05 0
2.195282e-02 3.356807e-05 0
2.215189e-02 4.861774e-05 0
2.235637e-02 6.350147e-05 0
2.256536e-02 7.821085e-05 0
2.277796e-02 9.273868e-05 0
2.299337e-02 1.070788e-04 0
2.321080e-02 1.212262e-04 0
2.342953e-02 1.351768e-04 0
2.364888e-02 1.489274e-04 0
2.386821e-02 1.624756e-04 0
2.408691e-02 1.758199e-04 0
2.430441e-02 1.889594e-04 0
2.452017e-02 2.018942e-04 0
2.473368e-02 2.146245e-04 0
2.494446e-02 2.271517e-04 0
2.515205e-02 2.394774e-04 0
2.535602e-02 2.516038e-04 0
2.555596e-02 2.635336e-04 0
2.575148e-02 2.752700e-04 0
2.594219e-02 2.868165e-04 0
2.612774e-02 2.981772e-04 0
2.630778e-02 3.093565e-04 0
2.648196e-02 3.203590e-04 0
2.664998e-02 3.311898e-04 0
2.681150e-02 3.418543e-04 0
2.696622e-02 3.523582e-04 0
2.711383e-02 3.627075e-04 0
2.725404e-02 3.729083e-04 0
2.738655e-02 3.829672e-04 0
2.751106e-02 3.928908e-04 0
2.762729e-02 4.026863e-04 0
2.773493e-02 4.123606e-04 0
2.783369e-02 4.219213e-04 0
2.792327e-02 4.313760e-04 0
2.800337e-02 4.407324e-04 0
2.807368e-02 4.499987e-04 0
2.813388e-02 4.591832e-04 0
2.818366e-02 4.682941e-04 0
2.822267e-02 4.773402e-04 0
2.825057e-02 4.863304e-04 0
2.826702e-02 4.952737e-04 0
2.827163e-02 5.041793e-04 0
2.826404e-02 5.130567e-04 0
2.824386e-02 5.219157e-04 0
2.821066e-02 5.307662e-04 0
2.816539e-02 5.396182e-04 0
2.811043e-02 5.484813e-04 0
2.804798e-02 5.573640e-04 0
2.798002e-02 5.662730e-04 0
2.790822e-02 5.752145e-04 0
2.783398e-02 5.841930e-04 0
2.775838e-02 5.932123e-04 0
2.768218e-02 6.022752e-04 0
2.760583e-02 6.113833e-04 0
2.752948e-02 6.205376e-04 0
2.745294e-02 6.297382e-04 0
2.737575e-02 6.389841e-04 0
2.729711e-02 6.482740e-04 0
2.721589e-02 6.576054e-04 0
2.713063e-02 6.669753e-04 0
2.703955e-02 6.763802e-04 0
2.694050e-02 6.858156e-04 0
2.683098e-02 6.952766e-04 0
2.670816e-02 7.047576e-04 0
2.656884e-02 7.142525e-04 0
2.640945e-02 7.237545e-04 0
2.622610e-02 7.332563e-04 0
2.601454e-02 7.427500e-04 0
2.577019e-02 7.522273e-04 0
2.548817e-02 7.616793e-04 0
2.516327e-02 7.710966e-04 0
2.479002e-02 7.804690e-04 0
2.436268e-02 7.897863e-04 0
2.387525e-02 7.990374e-04 0
2.337692e-02 8.076804e-04 0
2.291950e-02 8.152183e-04 0
2.250220e-02 8.217277e-04 0
2.212428e-02 8.272803e-04 0
2.178509e-02 8.319439e-04 0
2.148402e-02 8.357819e-04 0
2.122056e-02 8.388540e-04 0
2.099424e-02 8.412164e-04 0
2.080466e-02 8.429215e-04 0
2.065150e-02 8.440187e-04 0
2.053446e-02 8.445545e-04 0
2.045226e-02 8.445720e-04 0
2.040240e-02 8.441119e-04 0
2.038232e-02 8.432123e-04 0
2.038962e-02 8.419088e-04 0
2.042202e-02 8.402345e-04 0
2.047741e-02 8.382206e-04 0
2.055377e-02 8.358961e-04 0
2.064924e-02 8.332879e-04 0
2.076203e-02 8.304213e-04 0
2.089050e-02 8.273198e-04 0
2.103308e-02 8.240052e-04 0
2.118830e-02 8.204976e-04 0
2.135481e-02 8.168159e-04 0
2.153129e-02 8.129776e-04 0
2.171654e-02 8.089985e-04 0
2.190943e-02 8.048938e-04 0
2.210888e-02 8.006769e-04 0
2.231390e-02 7.963605e-04 0
2.252354e-02 7.919562e-04 0
2.273691e-02 7.874745e-04 0
2.295319e-02 7.829251e-04 0
2.317160e-02 7.783166e-04 0
2.339141e-02 7.736571e-04 0
2.361191e-02 7.689536e-04 0
2.383246e-02 7.642127e-04 0
2.405246e-02 7.594399e-04 0
2.427132e-02 7.546403e-04 0
2.448850e-02 7.498184e-04 0
2.470349e-02 7.449779e-04 0
2.491581e-02 7.401222e-04 0
2.512498e-02 7.352539e-04 0
2.533057e-02 7.303752e-04 0
2.553218e-02 7.254879e-04 0
2.572939e-02 7.205932e-04 0
2.592183e-02 7.156920e-04 0
2.610913e-02 7.107847e-04 0
2.629095e-02 7.058712e-04 0
2.646694e-02 7.009513e-04 0
2.663678e-02 6.960241e-04 0
2.680014e-02 6.910885e-04 0
2.695672e-02 6.861432e-04 0
2.710621e-02 6.811864e-04 0
2.724830e-02 6.762159e-04 0
2.738271e-02 6.712293e-04 0
2.750913e-02 6.662241e-04 0
2.762728e-02 6.611971e-04 0
2.773684e-02 6.561451e-04 0
2.783754e-02 6.510646e-04 0
2.792905e-02 6.459516e-04 0
2.801109e-02 6.408021e-04 0
2.808334e-02 6.356117e-04 0
2.814549e-02 6.303757e-04 0
2.819722e-02 6.250892e-04 0
2.823819e-02 6.197469e-04 0
2.826806e-02 6.143434e-04 0
2.828649e-02 6.088730e-04 0
2.829309e-02 6.033296e-04 0
2.828742e-02 5.977068e-04 0
2.826912e-02 5.919981e-04 0
2.823777e-02 5.861966e-04 0
2.819431e-02 5.802951e-04 0
2.814107e-02 5.742869e-04 0
2.808027e-02 5.681664e-04 0
2.801388e-02 5.619293e-04 0
2.794358e-02 5.555721e-04 0
2.787075e-02 5.490926e-04 0
2.779647e-02 5.424894e-04 0
2.772150e-02 5.357619e-04 0
2.764628e-02 5.289104e-04 0
2.757095e-02 5.219362e-04 0
2.749535e-02 5.148410e-04 0
2.741899e-02 5.076275e-04 0
2.734106e-02 5.002989e-04 0
2.726043e-02 4.928592e-04 0
2.717564e-02 4.853130e-04 0
2.708490e-02 4.776652e-04 0
2.698603e-02 4.699217e-04 0
2.687653e-02 4.620886e-04 0
2.675354e-02 4.541727e-04 0
2.661383e-02 4.461814e-04 0
2.645383e-02 4.381222e-04 0
2.626960e-02 4.300035e-04 0
2.605686e-02 4.218340e-04 0
2.581100e-02 4.136228e-04 0
2.552708e-02 4.053795e-04 0
2.519986e-02 3.971141e-04 0
2.482381e-02 3.888372e-04 0
2.439314e-02 3.805596e-04 0
2.390181e-02 3.722926e-04 0
2.339928e-02 3.635177e-04 0
2.293771e-02 3.537606e-04 0
2.251629e-02 3.431183e-04 0
2.213427e-02 3.316815e-04 0
2.179100e-02 3.195344e-04 0
2.148587e-02 3.067558e-04 0
2.121834e-02 2.934188e-04 0
2.098795e-02 2.795916e-04 0
2.079429e-02 2.653374e-04 0
2.063702e-02 2.507148e-04 0
2.051588e-02 2.357784e-04 0
2.042978e-02 2.205785e-04 0
2.037644e-02 2.051619e-04 0
2.035327e-02 1.895715e-04 0
2.035785e-02 1.738471e-04 0
2.038788e-02 1.580254e-04 0
2.044122e-02 1.421398e-04 0
2.051584e-02 1.262214e-04 0
2.060983e-02 1.102984e-04 0
2.072142e-02 9.439657e-05 0
2.084893e-02 7.853949e-05 0
2.099079e-02 6.274853e-05 0
2.114550e-02 4.704306e-05 0
2.131168e-02 3.144054e-05 0
2.148803e-02 1.595670e-05 0
2.167333e-02 6.055719e-07 0
2.186642e-02 -1.460034e-05 0
2.206622e-02 -2.965001e-05 0
2.227172e-02 -4.453374e-05 0
2.248198e-02 -5.924312e-05 0
2.269608e-02 -7.377095e-05 0
2.291321e-02 -8.811110e-05 0
2.313256e-02 -1.022585e-04 0
2.335340e-02 -1.162091e-04 0
2.357503e-02 -1.299597e-04 0
2.379680e-02 -1.435079e-04 0
2.401808e-02 -1.568521e-04 0
2.423829e-02 -1.699917e-04 0
2.445689e-02 -1.829264e-04 0
2.467335e-02 -1.956568e-04 0
2.488719e-02 -2.081840e-04 0
2.509793e-02 -2.205097e-04 0
2.530513e-02 -2.326361e-04 0
2.550838e-02 -2.445659e-04 0
2.570727e-02 -2.563023e-04 0
2.590142e-02 -2.678488e-04 0
2.609047e-02 -2.792095e-04 0
2.627405e-02 -2.903887e-04 0
2.645183e-02 -3.013912e-04 0
2.662348e-02 -3.122221e-04 0
2.678866e-02 -3.228866e-04 0
2.694708e-02 -3.333905e-04 0
2.709842e-02 -3.437397e-04 0
2.724238e-02 -3.539406e-04 0
2.737865e-02 -3.639995e-04 0
2.750695e-02 -3.739231e-04 0
2.762697e-02 -3.837185e-04 0
2.773841e-02 -3.933929e-04 0
2.784098e-02 -4.029536e-04 0
2.793438e-02 -4.124082e-04 0
2.801829e-02 -4.217647e-04 0
2.809241e-02 -4.310310e-04 0
2.815642e-02 -4.402154e-04 0
2.820999e-02 -4.493264e-04 0
2.825279e-02 -4.583725e-04 0
2.828447e-02 -4.673627e-04 0
2.830468e-02 -4.763059e-04 0
2.831304e-02 -4.852116e-04 0
2.830917e-02 -4.940890e-04 0
2.829267e-02 -5.029480e-04 0
2.826313e-02 -5.117984e-04 0
2.822144e-02 -5.206504e-04 0
2.816992e-02 -5.295136e-04 0
2.811079e-02 -5.383962e-04 0
2.804600e-02 -5.473053e-04 0
2.797722e-02 -5.562467e-04 0
2.790584e-02 -5.652253e-04 0
2.783293e-02 -5.742446e-04 0
2.775924e-02 -5.833074e-04 0
2.768521e-02 -5.924156e-04 0
2.761099e-02 -6.015699e-04 0
2.753639e-02 -6.107704e-04 0
2.746093e-02 -6.200164e-04 0
2.738380e-02 -6.293062e-04 0
2.730385e-02 -6.386376e-04 0
2.721962e-02 -6.480076e-04 0
2.712929e-02 -6.574125e-04 0
2.703069e-02 -6.668479e-04 0
2.692129e-02 -6.763089e-04 0
2.679821e-02 -6.857899e-04 0
2.665820e-02 -6.952848e-04 0
2.649765e-02 -7.047867e-04 0
2.631260e-02 -7.142885e-04 0
2.609874e-02 -7.237823e-04 0
2.585141e-02 -7.332596e-04 0
2.556563e-02 -7.427116e-04 0
2.523611e-02 -7.521288e-04 0
2.485728e-02 -7.615013e-04 0
2.442329e-02 -7.708186e-04 0
2.392803e-02 -7.800697e-04 0
2.342129e-02 -7.887127e-04 0
2.295554e-02 -7.962506e-04 0
2.252997e-02 -8.027599e-04 0
2.214383e-02 -8.083126e-04 0
2.179645e-02 -8.129762e-04 0
2.148721e-02 -8.168142e-04 0
2.121559e-02 -8.198863e-04 0
2.098110e-02 -8.222486e-04 0
2.078333e-02 -8.239537e-04 0
2.062194e-02 -8.250510e-04 0
2.049663e-02 -8.255867e-04 0
2.040659e-02 -8.256042e-04 0
2.034973e-02 -8.251442e-04 0
2.032345e-02 -8.242446e-04 0
2.032529e-02 -8.229410e-04 0
2.035294e-02 -8.212668e-04 0
2.040421e-02 -8.192529e-04 0
2.047708e-02 -8.169283e-04 0
2.056961e-02 -8.143202e-04 0
2.068000e-02 -8.114536e-04 0
2.080656e-02 -8.083521e-04 0
2.094769e-02 -8.050374e-04 0
2.110190e-02 -8.015299e-04 0
2.126779e-02 -7.978482e-04 0
2.144403e-02 -7.940098e-04 0
2.162938e-02 -7.900308e-04 0
2.182270e-02 -7.859260e-04 0
2.202287e-02 -7.817092e-04 0
2.222889e-02 -7.773928e-04 0
2.243979e-02 -7.729885e-04 0
2.265466e-02 -7.685068e-04 0
2.287266e-02 -7.639573e-04 0
2.309299e-02 -7.593489e-04 0
2.331489e-02 -7.546893e-04 0
2.353768e-02 -7.499859e-04 0
2.376067e-02 -7.452449e-04 0
2.398326e-02 -7.404721e-04 0
2.420484e-02 -7.356726e-04 0
2.442487e-02 -7.308507e-04 0
2.464282e-02 -7.260102e-04 0
2.485819e-02 -7.211544e-04 0
2.507052e-02 -7.162861e-04 0
2.527936e-02 -7.114075e-04 0
2.548428e-02 -7.065202e-04 0
2.568488e-02 -7.016255e-04 0
2.588078e-02 -6.967243e-04 0
2.607159e-02 -6.918169e-04 0
2.625697e-02 -6.869035e-04 0
2.643657e-02 -6.819835e-04 0
2.661006e-02 -6.770563e-04 0
2.677711e-02 -6.721208e-04 0
2.693740e-02 -6.671755e-04 0
2.709063e-02 -6.622186e-04 0
2.723648e-02 -6.572481e-04 0
2.737467e-02 -6.522616e-04 0
2.750490e-02 -6.472564e-04 0
2.762686e-02 -6.422294e-04 0
2.774025e-02 -6.371774e-04 0
2.784477e-02 -6.320968e-04 0
2.794011e-02 -6.269839e-04 0
2.802598e-02 -6.218344e-04 0
2.810205e-02 -6.166440e-04 0
2.816801e-02 -6.114079e-04 0
2.822353e-02 -6.061214e-04 0
2.826829e-02 -6.007792e-04 0
2.830195e-02 -5.953757e-04 0
2.832412e-02 -5.899052e-04 0
2.833442e-02 -5.843618e-04 0
2.833245e-02 -5.787390e-04 0
2.831784e-02 -5.730303e-04 0
2.829015e-02 -5.672288e-04 0
2.825029e-02 -5.613273e-04 0
2.820051e-02 -5.553191e-04 0
2.814305e-02 -5.491986e-04 0
2.807985e-02 -5.429614e-04 0
2.801259e-02 -5.366043e-04 0
2.794264e-02 -5.301248e-04 0
2.787107e-02 -5.235215e-04 0
2.779863e-02 -5.167940e-04 0
2.772575e-02 -5.099426e-04 0
2.765258e-02 -5.029683e-04 0
2.757894e-02 -4.958731e-04 0
2.750433e-02 -4.886596e-04 0
2.742794e-02 -4.813311e-04 0
2.734862e-02 -4.738914e-04 0
2.726489e-02 -4.663451e-04 0
2.717492e-02 -4.586973e-04 0
2.707653e-02 -4.509538e-04 0
2.696718e-02 -4.431207e-04 0
2.684396e-02 -4.352049e-04 0
2.670359e-02 -4.272135e-04 0
2.654246e-02 -4.191543e-04 0
2.635655e-02 -4.110357e-04 0
2.614153e-02 -4.028661e-04 0
2.589270e-02 -3.946549e-04 0
2.560504e-02 -3.864116e-04 0
2.527321e-02 -3.781463e-04 0
2.489160e-02 -3.698693e-04 0
2.445428e-02 -3.615917e-04 0
2.395511e-02 -3.533247e-04 0
2.344416e-02 -3.445498e-04 0
