8.800000e-01 2.593940e-01 0
8.800000e-01 2.593940e-01 0
8.800000e-01 2.593940e-01 0
8.800000e-01 2.593940e-01 0
8.800000e-01 2.593940e-01 0
8.800000e-01 2.593940e-01 0
8.800000e-01 2.593940e-01 0
8.800000e-01 2.593940e-01 0
8.800000e-01 2.593940e-01 0
8.800000e-01 2.593940e-01 0
8.800000e-01 2.593940e-01 0
8.800000e-01 2.593940e-01 0
8.800000e-01 2.593940e-01 0
8.800000e-01 2.593940e-01 0
8.800000e-01 2.593940e-01 0
8.800000e-01 2.593940e-01 0
8.800000e-01 2.593940e-01 0
8.800000e-01 2.593940e-01 0
8.800000e-01 2.593940e-01 0
8.800000e-01 2.593940e-01 0
8.800000e-01 2.593940e-01 0
8.800000e-01 2.593940e-01 0
8.800000e-01 2.593940e-01 0
8.800000e-01 2.593940e-01 0
8.800000e-01 2.593940e-01 0
8.800000e-01 2.593940e-01 0
8.800000e-01 2.593940e-01 0
8.800000e-01 2.593940e-01 0
8.800000e-01 2.593940e-01 0
8.800000e-01 2.593940e-01 0
8.800000e-01 2.593940e-01 0
8.800000e-01 2.593940e-01 0
8.800000e-01 2.593940e-01 0
8.800000e-01 2.593940e-01 0
8.800000e-01 2.593940e-01 0
8.800000e-01 2.593940e-01 0
8.800000e-01 2.593940e-01 0
8.800000e-01 2.593940e-01 0
8.800000e-01 2.593940e-01 0
8.800000e-01 2.593940e-01 0
8.800000e-01 2.593940e-01 0
8.800000e-01 2.593940e-01 0
8.800000e-01 2.593940e-01 0
8.800000e-01 2.593940e-01 0
8.800000e-01 2.593940e-01 0
8.800000e-01 2.593940e-01 0
8.800000e-01 2.593940e-01 0
8.800000e-01 2.593940e-01 0
8.800000e-01 2.593940e-01 0
8.800000e-01 2.593940e-01 0
8.810000e-01 2.593940e-01 1.568000e-03
8.820000e-01 2.593940e-01 3.072000e-03
8.830000e-01 2.593940e-01 4.512000e-03
8.840000e-01 2.593940e-01 5.888000e-03
8.850000e-01 2.593940e-01 7.200000e-03
8.860000e-01 2.593940e-01 8.448000e-03
8.870000e-01 2.593940e-01 9.632000e-03
8.880000e-01 2.593940e-01 1.075200e-02
8.890000e-01 2.593940e-01 1.180800e-02
8.900000e-01 2.593940e-01 1.280000e-02
8.910000e-01 2.593940e-01 1.372800e-02
8.920000e-01 2.593940e-01 1.459200e-02
8.930000e-01 2.593940e-01 1.539200e-02
8.940000e-01 2.593940e-01 1.612800e-02
8.950000e-01 2.593940e-01 1.680000e-02
8.960000e-01 2.593940e-01 1.740800e-02
8.970000e-01 2.593940e-01 1.795200e-02
8.980000e-01 2.593940e-01 1.843200e-02
8.990000e-01 2.593940e-01 1.884800e-02
9.000000e-01 2.593940e-01 1.920000e-02
9.010000e-01 2.593940e-01 1.948800e-02
9.020000e-01 2.593940e-01 1.971200e-02
9.030000e-01 2.593940e-01 1.987200e-02
9.040000e-01 2.593940e-01 1.996800e-02
9.050000e-01 2.593940e-01 2.000000e-02
9.060000e-01 2.593940e-01 1.996800e-02
9.070000e-01 2.593940e-01 1.987200e-02
9.080000e-01 2.593940e-01 1.971200e-02
9.090000e-01 2.593940e-01 1.948800e-02
9.100000e-01 2.593940e-01 1.920000e-02
9.110000e-01 2.593940e-01 1.884800e-02
9.120000e-01 2.593940e-01 1.843200e-02
9.130000e-01 2.593940e-01 1.795200e-02
9.140000e-01 2.593940e-01 1.740800e-02
9.150000e-01 2.593940e-01 1.680000e-02
9.160000e-01 2.593940e-01 1.612800e-02
9.170000e-01 2.593940e-01 1.539200e-02
9.180000e-01 2.593940e-01 1.459200e-02
9.190000e-01 2.593940e-01 1.372800e-02
9.200000e-01 2.593940e-01 1.280000e-02
9.210000e-01 2.593940e-01 1.180800e-02
9.220000e-01 2.593940e-01 1.075200e-02
9.230000e-01 2.593940e-01 9.632000e-03
9.240000e-01 2.593940e-01 8.448000e-03
9.250000e-01 2.593940e-01 7.200000e-03
9.260000e-01 2.593940e-01 5.888000e-03
9.270000e-01 2.593940e-01 4.512000e-03
9.280000e-01 2.593940e-01 3.072000e-03
9.290000e-01 2.593940e-01 1.568000e-03
9.300000e-01 2.593940e-01 0
9.300000e-01 2.593940e-01 0
9.300000e-01 2.593940e-01 0
9.300000e-01 2.593940e-01 0
9.300000e-01 2.593940e-01 0
9.300000e-01 2.593940e-01 0
9.300000e-01 2.593940e-01 0
9.300000e-01 2.593940e-01 0
9.300000e-01 2.593940e-01 0
9.300000e-01 2.593940e-01 0
9.300000e-01 2.593940e-01 0
9.300000e-01 2.593940e-01 0
9.300000e-01 2.593940e-01 0
9.300000e-01 2.593940e-01 0
9.300000e-01 2.593940e-01 0
9.300000e-01 2.593940e-01 0
9.300000e-01 2.593940e-01 0
9.300000e-01 2.593940e-01 0
9.300000e-01 2.593940e-01 0
9.300000e-01 2.593940e-01 0
9.300000e-01 2.593940e-01 0
9.300000e-01 2.593940e-01 0
9.300000e-01 2.593940e-01 0
9.300000e-01 2.593940e-01 0
9.300000e-01 2.593940e-01 0
9.300000e-01 2.593940e-01 0
9.300000e-01 2.593940e-01 0
9.300000e-01 2.593940e-01 0
9.300000e-01 2.593940e-01 0
9.300000e-01 2.593940e-01 0
9.300000e-01 2.593940e-01 0
9.300000e-01 2.593940e-01 0
9.300000e-01 2.593940e-01 0
9.300000e-01 2.593940e-01 0
9.300000e-01 2.593940e-01 0
9.300000e-01 2.593940e-01 0
9.300000e-01 2.593940e-01 0
9.300000e-01 2.593940e-01 0
9.300000e-01 2.593940e-01 0
9.300000e-01 2.593940e-01 0
9.300000e-01 2.593940e-01 0
9.300000e-01 2.593940e-01 0
9.300000e-01 2.593940e-01 0
9.300000e-01 2.593940e-01 0
9.300000e-01 2.593940e-01 0
9.300000e-01 2.593940e-01 0
9.300000e-01 2.593940e-01 0
9.300000e-01 2.593940e-01 0
9.300000e-01 2.593940e-01 0
9.300000e-01 2.593940e-01 0
9.300000e-01 2.593940e-01 0
9.300000e-01 2.593940e-01 0
9.300000e-01 2.593940e-01 0
9.300000e-01 2.593940e-01 0
9.300000e-01 2.593940e-01 0
9.300000e-01 2.593940e-01 0
9.300000e-01 2.593940e-01 0
9.300000e-01 2.593940e-01 0
9.300000e-01 2.593940e-01 0
9.300000e-01 2.593940e-01 0
9.300000e-01 2.593940e-01 0
9.300000e-01 2.593940e-01 0
9.300000e-01 2.593940e-01 0
9.300000e-01 2.593940e-01 0
9.300000e-01 2.593940e-01 0
9.300000e-01 2.593940e-01 0
9.300000e-01 2.593940e-01 0
9.300000e-01 2.593940e-01 0
9.300000e-01 2.593940e-01 0
9.300000e-01 2.593940e-01 0
9.300000e-01 2.593940e-01 0
9.300000e-01 2.593940e-01 0
9.300000e-01 2.593940e-01 0
9.300000e-01 2.593940e-01 0
9.300000e-01 2.593940e-01 0
9.300000e-01 2.593940e-01 0
9.300000e-01 2.593940e-01 0
9.300000e-01 2.593940e-01 0
9.300000e-01 2.593940e-01 0
9.300000e-01 2.593940e-01 0
9.300000e-01 2.593940e-01 0
9.300000e-01 2.593940e-01 0
9.300000e-01 2.593940e-01 0
9.300000e-01 2.593940e-01 0
9.300000e-01 2.593940e-01 0
9.300000e-01 2.593940e-01 0
9.300000e-01 2.593940e-01 0
9.300000e-01 2.593940e-01 0
9.300000e-01 2.593940e-01 0
9.300000e-01 2.593940e-01 0
9.300000e-01 2.593940e-01 0
9.300000e-01 2.593940e-01 0
9.300000e-01 2.593940e-01 0
9.300000e-01 2.593940e-01 0
9.300000e-01 2.593940e-01 0
9.300000e-01 2.593940e-01 0
9.300000e-01 2.593940e-01 0
9.300000e-01 2.593940e-01 0
9.300000e-01 2.593940e-01 0
9.300000e-01 2.593940e-01 0
9.300000e-01 2.593940e-01 0
9.300000e-01 2.593940e-01 0
9.300000e-01 2.593940e-01 0
9.300000e-01 2.593940e-01 0
9.300000e-01 2.593940e-01 0
9.300000e-01 2.593940e-01 0
9.300000e-01 2.593940e-01 0
9.300000e-01 2.593940e-01 0
9.300000e-01 2.593940e-01 0
9.300000e-01 2.593940e-01 0
9.300000e-01 2.593940e-01 0
9.300000e-01 2.593940e-01 0
9.300000e-01 2.593940e-01 0
9.300000e-01 2.593940e-01 0
9.300000e-01 2.593940e-01 0
9.300000e-01 2.593940e-01 0
9.300000e-01 2.593940e-01 0
9.300000e-01 2.593940e-01 0
9.300000e-01 2.593940e-01 0
9.300000e-01 2.593940e-01 0
9.300000e-01 2.593940e-01 0
9.300000e-01 2.593940e-01 0
9.300000e-01 2.593940e-01 0
9.300000e-01 2.593940e-01 0
9.300000e-01 2.593940e-01 0
9.300000e-01 2.593940e-01 0
9.300000e-01 2.593940e-01 0
9.300000e-01 2.593940e-01 0
9.300000e-01 2.593940e-01 0
9.300000e-01 2.593940e-01 0
9.300000e-01 2.593940e-01 0
9.300000e-01 2.593940e-01 0
9.300000e-01 2.593940e-01 0
9.300000e-01 2.593940e-01 0
9.300000e-01 2.593940e-01 0
9.300000e-01 2.593940e-01 0
9.300000e-01 2.593940e-01 0
9.300000e-01 2.593940e-01 0
9.300000e-01 2.593940e-01 0
9.300000e-01 2.593940e-01 0
9.300000e-01 2.593940e-01 0
9.300000e-01 2.593940e-01 0
9.300000e-01 2.593940e-01 0
9.300000e-01 2.593940e-01 0
9.300000e-01 2.593940e-01 0
9.300000e-01 2.593940e-01 0
9.300000e-01 2.593940e-01 0
9.300000e-01 2.593940e-01 0
9.300000e-01 2.593940e-01 0
9.300000e-01 2.593940e-01 0
9.300000e-01 2.593940e-01 0
9.300000e-01 2.593940e-01 0
9.300000e-01 2.593940e-01 0
9.300000e-01 2.593940e-01 0
9.300000e-01 2.593940e-01 0
9.300000e-01 2.593940e-01 0
9.300000e-01 2.593940e-01 0
9.300000e-01 2.593940e-01 0
9.300000e-01 2.593940e-01 0
9.300000e-01 2.593940e-01 0
9.300000e-01 2.593940e-01 0
9.300000e-01 2.593940e-01 0
9.300000e-01 2.593940e-01 0
9.300000e-01 2.593940e-01 0
9.300000e-01 2.593940e-01 0
9.300000e-01 2.593940e-01 0
9.300000e-01 2.593940e-01 0
9.300000e-01 2.593940e-01 0
9.300000e-01 2.593940e-01 0
9.300000e-01 2.593940e-01 0
9.300000e-01 2.593940e-01 0
9.300000e-01 2.593940e-01 0
9.300000e-01 2.593940e-01 0
9.300000e-01 2.593940e-01 0
9.300000e-01 2.593940e-01 0
9.300000e-01 2.593940e-01 0
9.300000e-01 2.593940e-01 0
9.300000e-01 2.593940e-01 0
9.300000e-01 2.593940e-01 0
9.300000e-01 2.593940e-01 0
9.300000e-01 2.593940e-01 0
9.300000e-01 2.593940e-01 0
9.300000e-01 2.593940e-01 0
9.300000e-01 2.593940e-01 0
9.300000e-01 2.593940e-01 0
9.300000e-01 2.593940e-01 0
9.300000e-01 2.593940e-01 0
9.300000e-01 2.593940e-01 0
9.300000e-01 2.593940e-01 0
9.300000e-01 2.593940e-01 0
9.300000e-01 2.593940e-01 0
9.300000e-01 2.593940e-01 0
9.300000e-01 2.593940e-01 0
9.300000e-01 2.593940e-01 0
9.300000e-01 2.593940e-01 0
9.300000e-01 2.593940e-01 0
9.300000e-01 2.593940e-01 0
9.300000e-01 2.593940e-01 0
9.300000e-01 2.593940e-01 0
9.300000e-01 2.593940e-01 0
9.300000e-01 2.593940e-01 0
9.300000e-01 2.593940e-01 0
9.300000e-01 2.593940e-01 0
9.300000e-01 2.593940e-01 0
9.300000e-01 2.593940e-01 0
9.300000e-01 2.593940e-01 0
9.300000e-01 2.593940e-01 0
9.300000e-01 2.593940e-01 0
9.300000e-01 2.593940e-01 0
9.300000e-01 2.593940e-01 0
9.300000e-01 2.593940e-01 0
9.300000e-01 2.593940e-01 0
9.300000e-01 2.593940e-01 0
9.300000e-01 2.593940e-01 0
9.300000e-01 2.593940e-01 0
9.300000e-01 2.593940e-01 0
9.300000e-01 2.593940e-01 0
9.300000e-01 2.593940e-01 0
9.300000e-01 2.593940e-01 0
9.300000e-01 2.593940e-01 0
9.300000e-01 2.593940e-01 0
9.300000e-01 2.593940e-01 0
9.300000e-01 2.593940e-01 0
9.300000e-01 2.593940e-01 0
9.300000e-01 2.593940e-01 0
9.300000e-01 2.593940e-01 0
9.300000e-01 2.593940e-01 0
9.300000e-01 2.593940e-01 0
9.300000e-01 2.593940e-01 0
9.300000e-01 2.593940e-01 0
9.300000e-01 2.593940e-01 0
9.300000e-01 2.593940e-01 0
9.300000e-01 2.593940e-01 0
9.300000e-01 2.593940e-01 0
9.300000e-01 2.593940e-01 0
9.300000e-01 2.593940e-01 0
9.300000e-01 2.593940e-01 0
9.300000e-01 2.593940e-01 0
9.300000e-01 2.593940e-01 0
9.300000e-01 2.593940e-01 0
9.300000e-01 2.593940e-01 0
9.300000e-01 2.593940e-01 0
9.300000e-01 2.593940e-01 0
9.300000e-01 2.593940e-01 0
9.300000e-01 2.593940e-01 0
9.300000e-01 2.593940e-01 0
9.300000e-01 2.593940e-01 0
9.300000e-01 2.593940e-01 0
9.300000e-01 2.593940e-01 0
9.300000e-01 2.593940e-01 0
9.300000e-01 2.593940e-01 0
9.300000e-01 2.593940e-01 0
9.300000e-01 2.593940e-01 0
9.300000e-01 2.593940e-01 0
9.300000e-01 2.593940e-01 0
9.300000e-01 2.593940e-01 0
9.300000e-01 2.593940e-01 0
9.300000e-01 2.593940e-01 0
9.300000e-01 2.593940e-01 0
9.300000e-01 2.593940e-01 0
9.300000e-01 2.593940e-01 0
9.300000e-01 2.593940e-01 0
9.300000e-01 2.593940e-01 0
9.300000e-01 2.593940e-01 0
9.300000e-01 2.593940e-01 0
9.300000e-01 2.593940e-01 0
9.300000e-01 2.593940e-01 0
9.300000e-01 2.593940e-01 0
9.300000e-01 2.593940e-01 0
9.300000e-01 2.593940e-01 0
9.300000e-01 2.593940e-01 0
9.300000e-01 2.593940e-01 0
9.300000e-01 2.593940e-01 0
9.300000e-01 2.593940e-01 0
9.300000e-01 2.593940e-01 0
9.300000e-01 2.593940e-01 0
9.300000e-01 2.593940e-01 0
9.300000e-01 2.593940e-01 0
9.300000e-01 2.593940e-01 0
9.300000e-01 2.593940e-01 0
9.300000e-01 2.593940e-01 0
9.300000e-01 2.593940e-01 0
9.300000e-01 2.593940e-01 0
9.300000e-01 2.593940e-01 0
9.300000e-01 2.593940e-01 0
9.300000e-01 2.593940e-01 0
9.300000e-01 2.593940e-01 0
9.300000e-01 2.593940e-01 0
9.300000e-01 2.593940e-01 0
9.300000e-01 2.593940e-01 0
9.300000e-01 2.593940e-01 0
9.300000e-01 2.593940e-01 0
9.300000e-01 2.593940e-01 0
9.300000e-01 2.593940e-01 0
9.300000e-01 2.593940e-01 0
9.300000e-01 2.593940e-01 0
9.300000e-01 2.593940e-01 0
9.300000e-01 2.593940e-01 0
9.300000e-01 2.593940e-01 0
9.300000e-01 2.593940e-01 0
9.300000e-01 2.593940e-01 0
9.300000e-01 2.593940e-01 0
9.300000e-01 2.593940e-01 0
9.300000e-01 2.593940e-01 0
9.300000e-01 2.593940e-01 0
9.300000e-01 2.593940e-01 0
9.300000e-01 2.593940e-01 0
9.300000e-01 2.593940e-01 0
9.300000e-01 2.593940e-01 0
9.300000e-01 2.593940e-01 0
9.300000e-01 2.593940e-01 0
9.300000e-01 2.593940e-01 0
9.300000e-01 2.593940e-01 0
9.300000e-01 2.593940e-01 0
9.300000e-01 2.593940e-01 0
9.300000e-01 2.593940e-01 0
9.300000e-01 2.593940e-01 0
9.300000e-01 2.593940e-01 0
9.300000e-01 2.593940e-01 0
9.300000e-01 2.593940e-01 0
9.300000e-01 2.593940e-01 0
9.300000e-01 2.593940e-01 0
9.300000e-01 2.593940e-01 0
9.300000e-01 2.593940e-01 0
9.300000e-01 2.593940e-01 0
9.300000e-01 2.593940e-01 0
9.300000e-01 2.593940e-01 0
9.300000e-01 2.593940e-01 0
9.300000e-01 2.593940e-01 0
9.300000e-01 2.593940e-01 0
9.300000e-01 2.593940e-01 0
9.300000e-01 2.593940e-01 0
9.300000e-01 2.593940e-01 0
9.300000e-01 2.593940e-01 0
9.300000e-01 2.593940e-01 0
9.300000e-01 2.593940e-01 0
9.300000e-01 2.593940e-01 0
9.300000e-01 2.593940e-01 0
9.300000e-01 2.593940e-01 0
9.300000e-01 2.593940e-01 0
9.300000e-01 2.593940e-01 0
9.300000e-01 2.593940e-01 0
9.300000e-01 2.593940e-01 0
9.300000e-01 2.593940e-01 0
9.300000e-01 2.593940e-01 0
9.300000e-01 2.593940e-01 0
9.300000e-01 2.593940e-01 0
9.300000e-01 2.593940e-01 0
9.300000e-01 2.593940e-01 0
9.300000e-01 2.593940e-01 0
9.300000e-01 2.593940e-01 0
9.320000e-01 2.593940e-01 1.568000e-03
9.340000e-01 2.593940e-01 3.072000e-03
9.360000e-01 2.593940e-01 4.512000e-03
9.380000e-01 2.593940e-01 5.888000e-03
9.400000e-01 2.593940e-01 7.200000e-03
9.420000e-01 2.593940e-01 8.448000e-03
9.440000e-01 2.593940e-01 9.632000e-03
9.460000e-01 2.593940e-01 1.075200e-02
9.480000e-01 2.593940e-01 1.180800e-02
9.500000e-01 2.593940e-01 1.280000e-02
9.520000e-01 2.593940e-01 1.372800e-02
9.540000e-01 2.593940e-01 1.459200e-02
9.560000e-01 2.593940e-01 1.539200e-02
9.580000e-01 2.593940e-01 1.612800e-02
9.600000e-01 2.593940e-01 1.680000e-02
9.620000e-01 2.593940e-01 1.740800e-02
9.640000e-01 2.593940e-01 1.795200e-02
9.660000e-01 2.593940e-01 1.843200e-02
9.680000e-01 2.593940e-01 1.884800e-02
9.700000e-01 2.593940e-01 1.920000e-02
9.720000e-01 2.593940e-01 1.948800e-02
9.740000e-01 2.593940e-01 1.971200e-02
9.760000e-01 2.593940e-01 1.987200e-02
9.780000e-01 2.593940e-01 1.996800e-02
9.800000e-01 2.593940e-01 2.000000e-02
9.820000e-01 2.593940e-01 1.996800e-02
9.840000e-01 2.593940e-01 1.987200e-02
9.860000e-01 2.593940e-01 1.971200e-02
9.880000e-01 2.593940e-01 1.948800e-02
9.900000e-01 2.593940e-01 1.920000e-02
9.920000e-01 2.593940e-01 1.884800e-02
9.940000e-01 2.593940e-01 1.843200e-02
9.960000e-01 2.593940e-01 1.795200e-02
9.980000e-01 2.593940e-01 1.740800e-02
1.000000e+00 2.593940e-01 1.680000e-02
1.002000e+00 2.593940e-01 1.612800e-02
1.004000e+00 2.593940e-01 1.539200e-02
1.006000e+00 2.593940e-01 1.459200e-02
1.008000e+00 2.593940e-01 1.372800e-02
1.010000e+00 2.593940e-01 1.280000e-02
1.012000e+00 2.593940e-01 1.180800e-02
1.014000e+00 2.593940e-01 1.075200e-02
1.016000e+00 2.593940e-01 9.632000e-03
1.018000e+00 2.593940e-01 8.448000e-03
1.020000e+00 2.593940e-01 7.200000e-03
1.022000e+00 2.593940e-01 5.888000e-03
1.024000e+00 2.593940e-01 4.512000e-03
1.026000e+00 2.593940e-01 3.072000e-03
1.028000e+00 2.593940e-01 1.568000e-03
1.030000e+00 2.593940e-01 0
1.030000e+00 2.593940e-01 0
1.030000e+00 2.593940e-01 0
1.030000e+00 2.593940e-01 0
1.030000e+00 2.593940e-01 0
1.030000e+00 2.593940e-01 0
1.030000e+00 2.593940e-01 0
1.030000e+00 2.593940e-01 0
1.030000e+00 2.593940e-01 0
1.030000e+00 2.593940e-01 0
1.030000e+00 2.593940e-01 0
1.030000e+00 2.593940e-01 0
1.030000e+00 2.593940e-01 0
1.030000e+00 2.593940e-01 0
1.030000e+00 2.593940e-01 0
1.030000e+00 2.593940e-01 0
1.030000e+00 2.593940e-01 0
1.030000e+00 2.593940e-01 0
1.030000e+00 2.593940e-01 0
1.030000e+00 2.593940e-01 0
1.030000e+00 2.593940e-01 0
1.030000e+00 2.593940e-01 0
1.030000e+00 2.593940e-01 0
1.030000e+00 2.593940e-01 0
1.030000e+00 2.593940e-01 0
1.030000e+00 2.593940e-01 0
1.030000e+00 2.593940e-01 0
1.030000e+00 2.593940e-01 0
1.030000e+00 2.593940e-01 0
1.030000e+00 2.593940e-01 0
1.030000e+00 2.593940e-01 0
1.030000e+00 2.593940e-01 0
1.030000e+00 2.593940e-01 0
1.030000e+00 2.593940e-01 0
1.030000e+00 2.593940e-01 0
1.030000e+00 2.593940e-01 0
1.030000e+00 2.593940e-01 0
1.030000e+00 2.593940e-01 0
1.030000e+00 2.593940e-01 0
1.030000e+00 2.593940e-01 0
1.030000e+00 2.593940e-01 0
1.030000e+00 2.593940e-01 0
1.030000e+00 2.593940e-01 0
1.030000e+00 2.593940e-01 0
1.030000e+00 2.593940e-01 0
1.030000e+00 2.593940e-01 0
1.030000e+00 2.593940e-01 0
1.030000e+00 2.593940e-01 0
1.030000e+00 2.593940e-01 0
1.030000e+00 2.593940e-01 0
1.030000e+00 2.593940e-01 0
1.030000e+00 2.593940e-01 0
1.030000e+00 2.593940e-01 0
1.030000e+00 2.593940e-01 0
1.030000e+00 2.593940e-01 0
1.030000e+00 2.593940e-01 0
1.030000e+00 2.593940e-01 0
1.030000e+00 2.593940e-01 0
1.030000e+00 2.593940e-01 0
1.030000e+00 2.593940e-01 0
1.030000e+00 2.593940e-01 0
1.030000e+00 2.593940e-01 0
1.030000e+00 2.593940e-01 0
1.030000e+00 2.593940e-01 0
1.030000e+00 2.593940e-01 0
1.030000e+00 2.593940e-01 0
1.030000e+00 2.593940e-01 0
1.030000e+00 2.593940e-01 0
1.030000e+00 2.593940e-01 0
1.030000e+00 2.593940e-01 0
1.030000e+00 2.593940e-01 0
1.030000e+00 2.593940e-01 0
1.030000e+00 2.593940e-01 0
1.030000e+00 2.593940e-01 0
1.030000e+00 2.593940e-01 0
1.030000e+00 2.593940e-01 0
1.030000e+00 2.593940e-01 0
1.030000e+00 2.593940e-01 0
1.030000e+00 2.593940e-01 0
1.030000e+00 2.593940e-01 0
1.030000e+00 2.593940e-01 0
1.030000e+00 2.593940e-01 0
1.030000e+00 2.593940e-01 0
1.030000e+00 2.593940e-01 0
1.030000e+00 2.593940e-01 0
1.030000e+00 2.593940e-01 0
1.030000e+00 2.593940e-01 0
1.030000e+00 2.593940e-01 0
1.030000e+00 2.593940e-01 0
1.030000e+00 2.593940e-01 0
1.030000e+00 2.593940e-01 0
1.030000e+00 2.593940e-01 0
1.030000e+00 2.593940e-01 0
1.030000e+00 2.593940e-01 0
1.030000e+00 2.593940e-01 0
1.030000e+00 2.593940e-01 0
1.030000e+00 2.593940e-01 0
1.030000e+00 2.593940e-01 0
1.030000e+00 2.593940e-01 0
1.030000e+00 2.593940e-01 0
1.030000e+00 2.593940e-01 0
1.030000e+00 2.593940e-01 0
1.030000e+00 2.593940e-01 0
1.030000e+00 2.593940e-01 0
1.030000e+00 2.593940e-01 0
1.030000e+00 2.593940e-01 0
1.030000e+00 2.593940e-01 0
1.030000e+00 2.593940e-01 0
1.030000e+00 2.593940e-01 0
1.030000e+00 2.593940e-01 0
1.030000e+00 2.593940e-01 0
1.030000e+00 2.593940e-01 0
1.030000e+00 2.593940e-01 0
1.030000e+00 2.593940e-01 0
1.030000e+00 2.593940e-01 0
1.030000e+00 2.593940e-01 0
1.030000e+00 2.593940e-01 0
1.030000e+00 2.593940e-01 0
1.030000e+00 2.593940e-01 0
1.030000e+00 2.593940e-01 0
1.030000e+00 2.593940e-01 0
1.030000e+00 2.593940e-01 0
1.030000e+00 2.593940e-01 0
1.030000e+00 2.593940e-01 0
1.030000e+00 2.593940e-01 0
1.030000e+00 2.593940e-01 0
1.030000e+00 2.593940e-01 0
1.030000e+00 2.593940e-01 0
1.030000e+00 2.593940e-01 0
1.030000e+00 2.593940e-01 0
1.030000e+00 2.593940e-01 0
1.030000e+00 2.593940e-01 0
1.030000e+00 2.593940e-01 0
1.030000e+00 2.593940e-01 0
1.030000e+00 2.593940e-01 0
1.030000e+00 2.593940e-01 0
1.030000e+00 2.593940e-01 0
1.030000e+00 2.593940e-01 0
1.030000e+00 2.593940e-01 0
1.030000e+00 2.593940e-01 0
1.030000e+00 2.593940e-01 0
1.030000e+00 2.593940e-01 0
1.030000e+00 2.593940e-01 0
1.030000e+00 2.593940e-01 0
1.030000e+00 2.593940e-01 0
1.030000e+00 2.593940e-01 0
1.030000e+00 2.593940e-01 0
1.030000e+00 2.593940e-01 0
1.030000e+00 2.593940e-01 0
1.030000e+00 2.593940e-01 0
1.030000e+00 2.593940e-01 0
1.030000e+00 2.593940e-01 0
1.030000e+00 2.593940e-01 0
1.030000e+00 2.593940e-01 0
1.030000e+00 2.593940e-01 0
1.030000e+00 2.593940e-01 0
1.030000e+00 2.593940e-01 0
1.030000e+00 2.593940e-01 0
1.030000e+00 2.593940e-01 0
1.030000e+00 2.593940e-01 0
1.030000e+00 2.593940e-01 0
1.030000e+00 2.593940e-01 0
1.030000e+00 2.593940e-01 0
1.030000e+00 2.593940e-01 0
1.030000e+00 2.593940e-01 0
1.030000e+00 2.593940e-01 0
1.030000e+00 2.593940e-01 0
1.030000e+00 2.593940e-01 0
1.030000e+00 2.593940e-01 0
1.030000e+00 2.593940e-01 0
1.030000e+00 2.593940e-01 0
1.030000e+00 2.593940e-01 0
1.030000e+00 2.593940e-01 0
1.030000e+00 2.593940e-01 0
1.030000e+00 2.593940e-01 0
1.030000e+00 2.593940e-01 0
1.030000e+00 2.593940e-01 0
1.030000e+00 2.593940e-01 0
1.030000e+00 2.593940e-01 0
1.030000e+00 2.593940e-01 0
1.030000e+00 2.593940e-01 0
1.030000e+00 2.593940e-01 0
1.030000e+00 2.593940e-01 0
1.030000e+00 2.593940e-01 0
1.030000e+00 2.593940e-01 0
1.030000e+00 2.593940e-01 0
1.030000e+00 2.593940e-01 0
1.030000e+00 2.593940e-01 0
1.030000e+00 2.593940e-01 0
1.030000e+00 2.593940e-01 0
1.030000e+00 2.593940e-01 0
1.030000e+00 2.593940e-01 0
1.030000e+00 2.593940e-01 0
1.030000e+00 2.593940e-01 0
1.030000e+00 2.593940e-01 0
1.030000e+00 2.593940e-01 0
1.030000e+00 2.593940e-01 0
1.030000e+00 2.593940e-01 0
1.030000e+00 2.593940e-01 0
1.030000e+00 2.593940e-01 0
1.030000e+00 2.593940e-01 0
1.030000e+00 2.593940e-01 0
1.030000e+00 2.593940e-01 0
1.030000e+00 2.593940e-01 0
1.030000e+00 2.593940e-01 0
1.030000e+00 2.593940e-01 0
1.030000e+00 2.593940e-01 0
1.030000e+00 2.593940e-01 0
1.030000e+00 2.593940e-01 0
1.030000e+00 2.593940e-01 0
1.030000e+00 2.593940e-01 0
1.030000e+00 2.593940e-01 0
1.030000e+00 2.593940e-01 0
1.030000e+00 2.593940e-01 0
1.030000e+00 2.593940e-01 0
1.030000e+00 2.593940e-01 0
1.030000e+00 2.593940e-01 0
1.030000e+00 2.593940e-01 0
1.030000e+00 2.593940e-01 0
1.030000e+00 2.593940e-01 0
1.030000e+00 2.593940e-01 0
1.030000e+00 2.593940e-01 0
1.030000e+00 2.593940e-01 0
1.030000e+00 2.593940e-01 0
1.030000e+00 2.593940e-01 0
1.030000e+00 2.593940e-01 0
1.030000e+00 2.593940e-01 0
1.030000e+00 2.593940e-01 0
1.030000e+00 2.593940e-01 0
1.030000e+00 2.593940e-01 0
1.030000e+00 2.593940e-01 0
1.030000e+00 2.593940e-01 0
1.030000e+00 2.593940e-01 0
1.030000e+00 2.593940e-01 0
1.030000e+00 2.593940e-01 0
1.030000e+00 2.593940e-01 0
1.030000e+00 2.593940e-01 0
1.030000e+00 2.593940e-01 0
1.030000e+00 2.593940e-01 0
1.030000e+00 2.593940e-01 0
1.030000e+00 2.593940e-01 0
1.030000e+00 2.593940e-01 0
1.030000e+00 2.593940e-01 0
1.030000e+00 2.593940e-01 0
1.030000e+00 2.593940e-01 0
1.030000e+00 2.593940e-01 0
1.030000e+00 2.593940e-01 0
1.030000e+00 2.593940e-01 0
1.030000e+00 2.593940e-01 0
1.030000e+00 2.593940e-01 0
1.030000e+00 2.593940e-01 0
1.030000e+00 2.593940e-01 0
1.030000e+00 2.593940e-01 0
1.030000e+00 2.593940e-01 0
1.030000e+00 2.593940e-01 0
1.030000e+00 2.593940e-01 0
1.030000e+00 2.593940e-01 0
1.030000e+00 2.593940e-01 0
1.030000e+00 2.593940e-01 0
1.030000e+00 2.593940e-01 0
1.030000e+00 2.593940e-01 0
1.030000e+00 2.593940e-01 0
1.030000e+00 2.593940e-01 0
1.030000e+00 2.593940e-01 0
1.030000e+00 2.593940e-01 0
1.030000e+00 2.593940e-01 0
1.030000e+00 2.593940e-01 0
1.030000e+00 2.593940e-01 0
1.030000e+00 2.593940e-01 0
1.030000e+00 2.593940e-01 0
1.030000e+00 2.593940e-01 0
1.030000e+00 2.593940e-01 0
1.030000e+00 2.593940e-01 0
1.030000e+00 2.593940e-01 0
1.030000e+00 2.593940e-01 0
1.030000e+00 2.593940e-01 0
1.030000e+00 2.593940e-01 0
1.030000e+00 2.593940e-01 0
1.030000e+00 2.593940e-01 0
1.030000e+00 2.593940e-01 0
1.030000e+00 2.593940e-01 0
1.030000e+00 2.593940e-01 0
1.030000e+00 2.593940e-01 0
1.030000e+00 2.593940e-01 0
1.030000e+00 2.593940e-01 0
1.030000e+00 2.593940e-01 0
1.030000e+00 2.593940e-01 0
1.030000e+00 2.593940e-01 0
1.030000e+00 2.593940e-01 0
1.030000e+00 2.593940e-01 0
1.030000e+00 2.593940e-01 0
1.030000e+00 2.593940e-01 0
1.030000e+00 2.593940e-01 0
1.030000e+00 2.593940e-01 0
1.030000e+00 2.593940e-01 0
1.030000e+00 2.593940e-01 0
1.030000e+00 2.593940e-01 0
1.030000e+00 2.593940e-01 0
1.030000e+00 2.593940e-01 0
1.030000e+00 2.593940e-01 0
1.030000e+00 2.593940e-01 0
1.030000e+00 2.593940e-01 0
1.030000e+00 2.593940e-01 0
1.030000e+00 2.593940e-01 0
1.030000e+00 2.593940e-01 0
1.030000e+00 2.593940e-01 0
1.030000e+00 2.593940e-01 0
1.030000e+00 2.593940e-01 0
1.030000e+00 2.593940e-01 0
1.030000e+00 2.593940e-01 0
1.030000e+00 2.593940e-01 0
1.030000e+00 2.593940e-01 0
1.030000e+00 2.593940e-01 0
1.030000e+00 2.593940e-01 0
1.030000e+00 2.593940e-01 0
1.030000e+00 2.593940e-01 0
1.030000e+00 2.593940e-01 0
1.030000e+00 2.593940e-01 0
1.030000e+00 2.593940e-01 0
1.030000e+00 2.593940e-01 0
1.030000e+00 2.593940e-01 0
1.030000e+00 2.593940e-01 0
1.030000e+00 2.593940e-01 0
1.030000e+00 2.593940e-01 0
1.030000e+00 2.593940e-01 0
1.030000e+00 2.593940e-01 0
1.030000e+00 2.593940e-01 0
1.030000e+00 2.593940e-01 0
1.030000e+00 2.593940e-01 0
1.030000e+00 2.593940e-01 0
1.030000e+00 2.593940e-01 0
1.030000e+00 2.593940e-01 0
1.030000e+00 2.593940e-01 0
1.030000e+00 2.593940e-01 0
1.030000e+00 2.593940e-01 0
1.030000e+00 2.593940e-01 0
1.030000e+00 2.593940e-01 0
1.030000e+00 2.593940e-01 0
1.030000e+00 2.593940e-01 0
1.030000e+00 2.593940e-01 0
1.030000e+00 2.593940e-01 0
1.030000e+00 2.593940e-01 0
1.030000e+00 2.593940e-01 0
1.030000e+00 2.593940e-01 0
1.030000e+00 2.593940e-01 0
1.030000e+00 2.593940e-01 0
1.030000e+00 2.593940e-01 0
1.030000e+00 2.593940e-01 0
1.030000e+00 2.593940e-01 0
1.030000e+00 2.593940e-01 0
1.030000e+00 2.593940e-01 0
1.032000e+00 2.593940e-01 1.568000e-03
1.034000e+00 2.593940e-01 3.072000e-03
1.036000e+00 2.593940e-01 4.512000e-03
1.038000e+00 2.593940e-01 5.888000e-03
1.040000e+00 2.593940e-01 7.200000e-03
1.042000e+00 2.593940e-01 8.448000e-03
1.044000e+00 2.593940e-01 9.632000e-03
1.046000e+00 2.593940e-01 1.075200e-02
1.048000e+00 2.593940e-01 1.180800e-02
1.050000e+00 2.593940e-01 1.280000e-02
1.052000e+00 2.593940e-01 1.372800e-02
1.054000e+00 2.593940e-01 1.459200e-02
1.056000e+00 2.593940e-01 1.539200e-02
1.058000e+00 2.593940e-01 1.612800e-02
1.060000e+00 2.593940e-01 1.680000e-02
1.062000e+00 2.593940e-01 1.740800e-02
1.064000e+00 2.593940e-01 1.795200e-02
1.066000e+00 2.593940e-01 1.843200e-02
1.068000e+00 2.593940e-01 1.884800e-02
1.070000e+00 2.593940e-01 1.920000e-02
1.072000e+00 2.593940e-01 1.948800e-02
1.074000e+00 2.593940e-01 1.971200e-02
1.076000e+00 2.593940e-01 1.987200e-02
1.078000e+00 2.593940e-01 1.996800e-02
1.080000e+00 2.593940e-01 2.000000e-02
1.082000e+00 2.593940e-01 1.996800e-02
1.084000e+00 2.593940e-01 1.987200e-02
1.086000e+00 2.593940e-01 1.971200e-02
1.088000e+00 2.593940e-01 1.948800e-02
1.090000e+00 2.593940e-01 1.920000e-02
1.092000e+00 2.593940e-01 1.884800e-02
1.094000e+00 2.593940e-01 1.843200e-02
1.096000e+00 2.593940e-01 1.795200e-02
1.098000e+00 2.593940e-01 1.740800e-02
1.100000e+00 2.593940e-01 1.680000e-02
1.102000e+00 2.593940e-01 1.612800e-02
1.104000e+00 2.593940e-01 1.539200e-02
1.106000e+00 2.593940e-01 1.459200e-02
1.108000e+00 2.593940e-01 1.372800e-02
1.110000e+00 2.593940e-01 1.280000e-02
1.112000e+00 2.593940e-01 1.180800e-02
1.114000e+00 2.593940e-01 1.075200e-02
1.116000e+00 2.593940e-01 9.632000e-03
1.118000e+00 2.593940e-01 8.448000e-03
1.120000e+00 2.593940e-01 7.200000e-03
1.122000e+00 2.593940e-01 5.888000e-03
1.124000e+00 2.593940e-01 4.512000e-03
1.126000e+00 2.593940e-01 3.072000e-03
1.128000e+00 2.593940e-01 1.568000e-03
1.130000e+00 2.593940e-01 0
1.130000e+00 2.593940e-01 0
1.130000e+00 2.593940e-01 0
1.130000e+00 2.593940e-01 0
1.130000e+00 2.593940e-01 0
1.130000e+00 2.593940e-01 0
1.130000e+00 2.593940e-01 0
1.130000e+00 2.593940e-01 0
1.130000e+00 2.593940e-01 0
1.130000e+00 2.593940e-01 0
1.130000e+00 2.593940e-01 0
1.130000e+00 2.593940e-01 0
1.130000e+00 2.593940e-01 0
1.130000e+00 2.593940e-01 0
1.130000e+00 2.593940e-01 0
1.130000e+00 2.593940e-01 0
1.130000e+00 2.593940e-01 0
1.130000e+00 2.593940e-01 0
1.130000e+00 2.593940e-01 0
1.130000e+00 2.593940e-01 0
1.130000e+00 2.593940e-01 0
1.130000e+00 2.593940e-01 0
1.130000e+00 2.593940e-01 0
1.130000e+00 2.593940e-01 0
1.130000e+00 2.593940e-01 0
1.130000e+00 2.593940e-01 0
1.130000e+00 2.593940e-01 0
1.130000e+00 2.593940e-01 0
1.130000e+00 2.593940e-01 0
1.130000e+00 2.593940e-01 0
1.130000e+00 2.593940e-01 0
1.130000e+00 2.593940e-01 0
1.130000e+00 2.593940e-01 0
1.130000e+00 2.593940e-01 0
1.130000e+00 2.593940e-01 0
1.130000e+00 2.593940e-01 0
1.130000e+00 2.593940e-01 0
1.130000e+00 2.593940e-01 0
1.130000e+00 2.593940e-01 0
1.130000e+00 2.593940e-01 0
1.130000e+00 2.593940e-01 0
1.130000e+00 2.593940e-01 0
1.130000e+00 2.593940e-01 0
1.130000e+00 2.593940e-01 0
1.130000e+00 2.593940e-01 0
1.130000e+00 2.593940e-01 0
1.130000e+00 2.593940e-01 0
1.130000e+00 2.593940e-01 0
1.130000e+00 2.593940e-01 0
1.130000e+00 2.593940e-01 0
1.130000e+00 2.593940e-01 0
1.130000e+00 2.593940e-01 0
1.130000e+00 2.593940e-01 0
1.130000e+00 2.593940e-01 0
1.130000e+00 2.593940e-01 0
1.130000e+00 2.593940e-01 0
1.130000e+00 2.593940e-01 0
1.130000e+00 2.593940e-01 0
1.130000e+00 2.593940e-01 0
1.130000e+00 2.593940e-01 0
1.130000e+00 2.593940e-01 0
1.130000e+00 2.593940e-01 0
1.130000e+00 2.593940e-01 0
1.130000e+00 2.593940e-01 0
1.130000e+00 2.593940e-01 0
1.130000e+00 2.593940e-01 0
1.130000e+00 2.593940e-01 0
1.130000e+00 2.593940e-01 0
1.130000e+00 2.593940e-01 0
1.130000e+00 2.593940e-01 0
1.130000e+00 2.593940e-01 0
1.130000e+00 2.593940e-01 0
1.130000e+00 2.593940e-01 0
1.130000e+00 2.593940e-01 0
1.130000e+00 2.593940e-01 0
1.130000e+00 2.593940e-01 0
1.130000e+00 2.593940e-01 0
1.130000e+00 2.593940e-01 0
1.130000e+00 2.593940e-01 0
1.130000e+00 2.593940e-01 0
1.130000e+00 2.593940e-01 0
1.130000e+00 2.593940e-01 0
1.130000e+00 2.593940e-01 0
1.130000e+00 2.593940e-01 0
1.130000e+00 2.593940e-01 0
1.130000e+00 2.593940e-01 0
1.130000e+00 2.593940e-01 0
1.130000e+00 2.593940e-01 0
1.130000e+00 2.593940e-01 0
1.130000e+00 2.593940e-01 0
1.130000e+00 2.593940e-01 0
1.130000e+00 2.593940e-01 0
1.130000e+00 2.593940e-01 0
1.130000e+00 2.593940e-01 0
1.130000e+00 2.593940e-01 0
1.130000e+00 2.593940e-01 0
1.130000e+00 2.593940e-01 0
1.130000e+00 2.593940e-01 0
1.130000e+00 2.593940e-01 0
1.130000e+00 2.593940e-01 0
1.130000e+00 2.593940e-01 0
1.130000e+00 2.593940e-01 0
1.130000e+00 2.593940e-01 0
1.130000e+00 2.593940e-01 0
1.130000e+00 2.593940e-01 0
1.130000e+00 2.593940e-01 0
1.130000e+00 2.593940e-01 0
1.130000e+00 2.593940e-01 0
1.130000e+00 2.593940e-01 0
1.130000e+00 2.593940e-01 0
1.130000e+00 2.593940e-01 0
1.130000e+00 2.593940e-01 0
1.130000e+00 2.593940e-01 0
1.130000e+00 2.593940e-01 0
1.130000e+00 2.593940e-01 0
1.130000e+00 2.593940e-01 0
1.130000e+00 2.593940e-01 0
1.130000e+00 2.593940e-01 0
1.130000e+00 2.593940e-01 0
1.130000e+00 2.593940e-01 0
1.130000e+00 2.593940e-01 0
1.130000e+00 2.593940e-01 0
1.130000e+00 2.593940e-01 0
1.130000e+00 2.593940e-01 0
1.130000e+00 2.593940e-01 0
1.130000e+00 2.593940e-01 0
1.130000e+00 2.593940e-01 0
1.130000e+00 2.593940e-01 0
1.130000e+00 2.593940e-01 0
1.130000e+00 2.593940e-01 0
1.130000e+00 2.593940e-01 0
1.130000e+00 2.593940e-01 0
1.130000e+00 2.593940e-01 0
1.130000e+00 2.593940e-01 0
1.130000e+00 2.593940e-01 0
1.130000e+00 2.593940e-01 0
1.130000e+00 2.593940e-01 0
1.130000e+00 2.593940e-01 0
1.130000e+00 2.593940e-01 0
1.130000e+00 2.593940e-01 0
1.130000e+00 2.593940e-01 0
1.130000e+00 2.593940e-01 0
1.130000e+00 2.593940e-01 0
1.130000e+00 2.593940e-01 0
1.130000e+00 2.593940e-01 0
1.130000e+00 2.593940e-01 0
1.130000e+00 2.593940e-01 0
1.130000e+00 2.593940e-01 0
1.130000e+00 2.593940e-01 0
1.130000e+00 2.593940e-01 0
1.130000e+00 2.593940e-01 0
1.130000e+00 2.593940e-01 0
1.130000e+00 2.593940e-01 0
1.130000e+00 2.593940e-01 0
1.130000e+00 2.593940e-01 0
1.130000e+00 2.593940e-01 0
1.130000e+00 2.593940e-01 0
1.130000e+00 2.593940e-01 0
1.130000e+00 2.593940e-01 0
1.130000e+00 2.593940e-01 0
1.130000e+00 2.593940e-01 0
1.130000e+00 2.593940e-01 0
1.130000e+00 2.593940e-01 0
1.130000e+00 2.593940e-01 0
1.130000e+00 2.593940e-01 0
1.130000e+00 2.593940e-01 0
1.130000e+00 2.593940e-01 0
1.130000e+00 2.593940e-01 0
1.130000e+00 2.593940e-01 0
1.130000e+00 2.593940e-01 0
1.130000e+00 2.593940e-01 0
1.130000e+00 2.593940e-01 0
1.130000e+00 2.593940e-01 0
1.130000e+00 2.593940e-01 0
1.130000e+00 2.593940e-01 0
1.130000e+00 2.593940e-01 0
1.130000e+00 2.593940e-01 0
1.130000e+00 2.593940e-01 0
1.130000e+00 2.593940e-01 0
1.130000e+00 2.593940e-01 0
1.130000e+00 2.593940e-01 0
1.130000e+00 2.593940e-01 0
1.130000e+00 2.593940e-01 0
1.130000e+00 2.593940e-01 0
1.130000e+00 2.593940e-01 0
1.130000e+00 2.593940e-01 0
1.130000e+00 2.593940e-01 0
1.130000e+00 2.593940e-01 0
1.130000e+00 2.593940e-01 0
1.130000e+00 2.593940e-01 0
1.130000e+00 2.593940e-01 0
1.130000e+00 2.593940e-01 0
1.130000e+00 2.593940e-01 0
1.130000e+00 2.593940e-01 0
1.130000e+00 2.593940e-01 0
1.130000e+00 2.593940e-01 0
1.130000e+00 2.593940e-01 0
1.130000e+00 2.593940e-01 0
1.130000e+00 2.593940e-01 0
1.130000e+00 2.593940e-01 0
1.130000e+00 2.593940e-01 0
1.130000e+00 2.593940e-01 0
1.130000e+00 2.593940e-01 0
1.130000e+00 2.593940e-01 0
1.130000e+00 2.593940e-01 0
1.130000e+00 2.593940e-01 0
1.130000e+00 2.593940e-01 0
1.130000e+00 2.593940e-01 0
1.130000e+00 2.593940e-01 0
1.130000e+00 2.593940e-01 0
1.130000e+00 2.593940e-01 0
1.130000e+00 2.593940e-01 0
1.130000e+00 2.593940e-01 0
1.130000e+00 2.593940e-01 0
1.130000e+00 2.593940e-01 0
1.130000e+00 2.593940e-01 0
1.130000e+00 2.593940e-01 0
1.130000e+00 2.593940e-01 0
1.130000e+00 2.593940e-01 0
1.130000e+00 2.593940e-01 0
1.130000e+00 2.593940e-01 0
1.130000e+00 2.593940e-01 0
1.130000e+00 2.593940e-01 0
1.130000e+00 2.593940e-01 0
1.130000e+00 2.593940e-01 0
1.130000e+00 2.593940e-01 0
1.130000e+00 2.593940e-01 0
1.130000e+00 2.593940e-01 0
1.130000e+00 2.593940e-01 0
1.130000e+00 2.593940e-01 0
1.130000e+00 2.593940e-01 0
1.130000e+00 2.593940e-01 0
1.130000e+00 2.593940e-01 0
1.130000e+00 2.593940e-01 0
1.130000e+00 2.593940e-01 0
1.130000e+00 2.593940e-01 0
1.130000e+00 2.593940e-01 0
1.130000e+00 2.593940e-01 0
1.130000e+00 2.593940e-01 0
1.130000e+00 2.593940e-01 0
1.130000e+00 2.593940e-01 0
1.130000e+00 2.593940e-01 0
1.130000e+00 2.593940e-01 0
1.130000e+00 2.593940e-01 0
1.130000e+00 2.593940e-01 0
1.130000e+00 2.593940e-01 0
1.130000e+00 2.593940e-01 0
1.130000e+00 2.593940e-01 0
1.130000e+00 2.593940e-01 0
1.130000e+00 2.593940e-01 0
1.130000e+00 2.593940e-01 0
1.130000e+00 2.593940e-01 0
1.130000e+00 2.593940e-01 0
1.130000e+00 2.593940e-01 0
1.130000e+00 2.593940e-01 0
1.130000e+00 2.593940e-01 0
1.130000e+00 2.593940e-01 0
1.130000e+00 2.593940e-01 0
1.130000e+00 2.593940e-01 0
1.130000e+00 2.593940e-01 0
1.130000e+00 2.593940e-01 0
1.130000e+00 2.593940e-01 0
1.130000e+00 2.593940e-01 0
1.130000e+00 2.593940e-01 0
1.130000e+00 2.593940e-01 0
1.130000e+00 2.593940e-01 0
1.130000e+00 2.593940e-01 0
1.130000e+00 2.593940e-01 0
1.130000e+00 2.593940e-01 0
1.130000e+00 2.593940e-01 0
1.130000e+00 2.593940e-01 0
1.130000e+00 2.593940e-01 0
1.130000e+00 2.593940e-01 0
1.130000e+00 2.593940e-01 0
1.130000e+00 2.593940e-01 0
1.130000e+00 2.593940e-01 0
1.130000e+00 2.593940e-01 0
1.130000e+00 2.593940e-01 0
1.130000e+00 2.593940e-01 0
1.130000e+00 2.593940e-01 0
1.130000e+00 2.593940e-01 0
1.130000e+00 2.593940e-01 0
1.130000e+00 2.593940e-01 0
1.130000e+00 2.593940e-01 0
1.130000e+00 2.593940e-01 0
1.130000e+00 2.593940e-01 0
1.130000e+00 2.593940e-01 0
1.130000e+00 2.593940e-01 0
1.130000e+00 2.593940e-01 0
1.130000e+00 2.593940e-01 0
1.130000e+00 2.593940e-01 0
1.130000e+00 2.593940e-01 0
1.130000e+00 2.593940e-01 0
1.130000e+00 2.593940e-01 0
1.130000e+00 2.593940e-01 0
1.130000e+00 2.593940e-01 0
1.130000e+00 2.593940e-01 0
1.130000e+00 2.593940e-01 0
1.130000e+00 2.593940e-01 0
1.130000e+00 2.593940e-01 0
1.130000e+00 2.593940e-01 0
1.130000e+00 2.593940e-01 0
1.130000e+00 2.593940e-01 0
1.130000e+00 2.593940e-01 0
1.130000e+00 2.593940e-01 0
1.130000e+00 2.593940e-01 0
1.130000e+00 2.593940e-01 0
1.130000e+00 2.593940e-01 0
1.130000e+00 2.593940e-01 0
1.130000e+00 2.593940e-01 0
1.130000e+00 2.593940e-01 0
1.130000e+00 2.593940e-01 0
1.130000e+00 2.593940e-01 0
1.130000e+00 2.593940e-01 0
1.130000e+00 2.593940e-01 0
1.130000e+00 2.593940e-01 0
1.130000e+00 2.593940e-01 0
1.130000e+00 2.593940e-01 0
1.130000e+00 2.593940e-01 0
1.130000e+00 2.593940e-01 0
1.130000e+00 2.593940e-01 0
1.130000e+00 2.593940e-01 0
1.130000e+00 2.593940e-01 0
1.130000e+00 2.593940e-01 0
1.130000e+00 2.593940e-01 0
1.130000e+00 2.593940e-01 0
1.130000e+00 2.593940e-01 0
1.130000e+00 2.593940e-01 0
1.130000e+00 2.593940e-01 0
1.130000e+00 2.593940e-01 0
1.130000e+00 2.593940e-01 0
1.130000e+00 2.593940e-01 0
1.130000e+00 2.593940e-01 0
1.130000e+00 2.593940e-01 0
1.130000e+00 2.593940e-01 0
1.130000e+00 2.593940e-01 0
1.130000e+00 2.593940e-01 0
1.130000e+00 2.593940e-01 0
1.130000e+00 2.593940e-01 0
1.130000e+00 2.593940e-01 0
1.130000e+00 2.593940e-01 0
1.130000e+00 2.593940e-01 0
1.130000e+00 2.593940e-01 0
1.130000e+00 2.593940e-01 0
1.130000e+00 2.593940e-01 0
1.130000e+00 2.593940e-01 0
1.130000e+00 2.593940e-01 0
1.130000e+00 2.593940e-01 0
1.130000e+00 2.593940e-01 0
1.130000e+00 2.593940e-01 0
1.130000e+00 2.593940e-01 0
1.132000e+00 2.593940e-01 1.568000e-03
1.134000e+00 2.593940e-01 3.072000e-03
1.136000e+00 2.593940e-01 4.512000e-03
1.138000e+00 2.593940e-01 5.888000e-03
1.140000e+00 2.593940e-01 7.200000e-03
1.142000e+00 2.593940e-01 8.448000e-03
1.144000e+00 2.593940e-01 9.632000e-03
1.146000e+00 2.593940e-01 1.075200e-02
1.148000e+00 2.593940e-01 1.180800e-02
1.150000e+00 2.593940e-01 1.280000e-02
1.152000e+00 2.593940e-01 1.372800e-02
1.154000e+00 2.593940e-01 1.459200e-02
1.156000e+00 2.593940e-01 1.539200e-02
1.158000e+00 2.593940e-01 1.612800e-02
1.160000e+00 2.593940e-01 1.680000e-02
1.162000e+00 2.593940e-01 1.740800e-02
1.164000e+00 2.593940e-01 1.795200e-02
1.166000e+00 2.593940e-01 1.843200e-02
1.168000e+00 2.593940e-01 1.884800e-02
1.170000e+00 2.593940e-01 1.920000e-02
1.172000e+00 2.593940e-01 1.948800e-02
1.174000e+00 2.593940e-01 1.971200e-02
1.176000e+00 2.593940e-01 1.987200e-02
1.178000e+00 2.593940e-01 1.996800e-02
1.180000e+00 2.593940e-01 2.000000e-02
1.182000e+00 2.593940e-01 1.996800e-02
1.184000e+00 2.593940e-01 1.987200e-02
1.186000e+00 2.593940e-01 1.971200e-02
1.188000e+00 2.593940e-01 1.948800e-02
1.190000e+00 2.593940e-01 1.920000e-02
1.192000e+00 2.593940e-01 1.884800e-02
1.194000e+00 2.593940e-01 1.843200e-02
1.196000e+00 2.593940e-01 1.795200e-02
1.198000e+00 2.593940e-01 1.740800e-02
1.200000e+00 2.593940e-01 1.680000e-02
1.202000e+00 2.593940e-01 1.612800e-02
1.204000e+00 2.593940e-01 1.539200e-02
1.206000e+00 2.593940e-01 1.459200e-02
1.208000e+00 2.593940e-01 1.372800e-02
1.210000e+00 2.593940e-01 1.280000e-02
1.212000e+00 2.593940e-01 1.180800e-02
1.214000e+00 2.593940e-01 1.075200e-02
1.216000e+00 2.593940e-01 9.632000e-03
1.218000e+00 2.593940e-01 8.448000e-03
1.220000e+00 2.593940e-01 7.200000e-03
1.222000e+00 2.593940e-01 5.888000e-03
1.224000e+00 2.593940e-01 4.512000e-03
1.226000e+00 2.593940e-01 3.072000e-03
1.228000e+00 2.593940e-01 1.568000e-03
1.230000e+00 2.593940e-01 0
1.230000e+00 2.593940e-01 0
1.230000e+00 2.593940e-01 0
1.230000e+00 2.593940e-01 0
1.230000e+00 2.593940e-01 0
1.230000e+00 2.593940e-01 0
1.230000e+00 2.593940e-01 0
1.230000e+00 2.593940e-01 0
1.230000e+00 2.593940e-01 0
1.230000e+00 2.593940e-01 0
1.230000e+00 2.593940e-01 0
1.230000e+00 2.593940e-01 0
1.230000e+00 2.593940e-01 0
1.230000e+00 2.593940e-01 0
1.230000e+00 2.593940e-01 0
1.230000e+00 2.593940e-01 0
1.230000e+00 2.593940e-01 0
1.230000e+00 2.593940e-01 0
1.230000e+00 2.593940e-01 0
1.230000e+00 2.593940e-01 0
1.230000e+00 2.593940e-01 0
1.230000e+00 2.593940e-01 0
1.230000e+00 2.593940e-01 0
1.230000e+00 2.593940e-01 0
1.230000e+00 2.593940e-01 0
1.230000e+00 2.593940e-01 0
1.230000e+00 2.593940e-01 0
1.230000e+00 2.593940e-01 0
1.230000e+00 2.593940e-01 0
1.230000e+00 2.593940e-01 0
1.230000e+00 2.593940e-01 0
1.230000e+00 2.593940e-01 0
1.230000e+00 2.593940e-01 0
1.230000e+00 2.593940e-01 0
1.230000e+00 2.593940e-01 0
1.230000e+00 2.593940e-01 0
1.230000e+00 2.593940e-01 0
1.230000e+00 2.593940e-01 0
1.230000e+00 2.593940e-01 0
1.230000e+00 2.593940e-01 0
1.230000e+00 2.593940e-01 0
1.230000e+00 2.593940e-01 0
1.230000e+00 2.593940e-01 0
1.230000e+00 2.593940e-01 0
1.230000e+00 2.593940e-01 0
1.230000e+00 2.593940e-01 0
1.230000e+00 2.593940e-01 0
1.230000e+00 2.593940e-01 0
1.230000e+00 2.593940e-01 0
1.230000e+00 2.593940e-01 0
1.230000e+00 2.593940e-01 0
1.230000e+00 2.593940e-01 0
1.230000e+00 2.593940e-01 0
1.230000e+00 2.593940e-01 0
1.230000e+00 2.593940e-01 0
1.230000e+00 2.593940e-01 0
1.230000e+00 2.593940e-01 0
1.230000e+00 2.593940e-01 0
1.230000e+00 2.593940e-01 0
1.230000e+00 2.593940e-01 0
1.230000e+00 2.593940e-01 0
1.230000e+00 2.593940e-01 0
1.230000e+00 2.593940e-01 0
1.230000e+00 2.593940e-01 0
1.230000e+00 2.593940e-01 0
1.230000e+00 2.593940e-01 0
1.230000e+00 2.593940e-01 0
1.230000e+00 2.593940e-01 0
1.230000e+00 2.593940e-01 0
1.230000e+00 2.593940e-01 0
1.230000e+00 2.593940e-01 0
1.230000e+00 2.593940e-01 0
1.230000e+00 2.593940e-01 0
1.230000e+00 2.593940e-01 0
1.230000e+00 2.593940e-01 0
1.230000e+00 2.593940e-01 0
1.230000e+00 2.593940e-01 0
1.230000e+00 2.593940e-01 0
1.230000e+00 2.593940e-01 0
1.230000e+00 2.593940e-01 0
1.230000e+00 2.593940e-01 0
1.230000e+00 2.593940e-01 0
1.230000e+00 2.593940e-01 0
1.230000e+00 2.593940e-01 0
1.230000e+00 2.593940e-01 0
1.230000e+00 2.593940e-01 0
1.230000e+00 2.593940e-01 0
1.230000e+00 2.593940e-01 0
1.230000e+00 2.593940e-01 0
1.230000e+00 2.593940e-01 0
1.230000e+00 2.593940e-01 0
1.230000e+00 2.593940e-01 0
1.230000e+00 2.593940e-01 0
1.230000e+00 2.593940e-01 0
1.230000e+00 2.593940e-01 0
1.230000e+00 2.593940e-01 0
1.230000e+00 2.593940e-01 0
1.230000e+00 2.593940e-01 0
1.230000e+00 2.593940e-01 0
1.230000e+00 2.593940e-01 0
1.230000e+00 2.593940e-01 0
1.230000e+00 2.593940e-01 0
1.230000e+00 2.593940e-01 0
1.230000e+00 2.593940e-01 0
1.230000e+00 2.593940e-01 0
1.230000e+00 2.593940e-01 0
1.230000e+00 2.593940e-01 0
1.230000e+00 2.593940e-01 0
1.230000e+00 2.593940e-01 0
1.230000e+00 2.593940e-01 0
1.230000e+00 2.593940e-01 0
1.230000e+00 2.593940e-01 0
1.230000e+00 2.593940e-01 0
1.230000e+00 2.593940e-01 0
1.230000e+00 2.593940e-01 0
1.230000e+00 2.593940e-01 0
1.230000e+00 2.593940e-01 0
1.230000e+00 2.593940e-01 0
1.230000e+00 2.593940e-01 0
1.230000e+00 2.593940e-01 0
1.230000e+00 2.593940e-01 0
1.230000e+00 2.593940e-01 0
1.230000e+00 2.593940e-01 0
1.230000e+00 2.593940e-01 0
1.230000e+00 2.593940e-01 0
1.230000e+00 2.593940e-01 0
1.230000e+00 2.593940e-01 0
1.230000e+00 2.593940e-01 0
1.230000e+00 2.593940e-01 0
1.230000e+00 2.593940e-01 0
1.230000e+00 2.593940e-01 0
1.230000e+00 2.593940e-01 0
1.230000e+00 2.593940e-01 0
1.230000e+00 2.593940e-01 0
1.230000e+00 2.593940e-01 0
1.230000e+00 2.593940e-01 0
1.230000e+00 2.593940e-01 0
1.230000e+00 2.593940e-01 0
1.230000e+00 2.593940e-01 0
1.230000e+00 2.593940e-01 0
1.230000e+00 2.593940e-01 0
1.230000e+00 2.593940e-01 0
1.230000e+00 2.593940e-01 0
1.230000e+00 2.593940e-01 0
1.230000e+00 2.593940e-01 0
1.230000e+00 2.593940e-01 0
1.230000e+00 2.593940e-01 0
1.230000e+00 2.593940e-01 0
1.230000e+00 2.593940e-01 0
1.230000e+00 2.593940e-01 0
1.230000e+00 2.593940e-01 0
1.230000e+00 2.593940e-01 0
1.230000e+00 2.593940e-01 0
1.230000e+00 2.593940e-01 0
1.230000e+00 2.593940e-01 0
1.230000e+00 2.593940e-01 0
1.230000e+00 2.593940e-01 0
1.230000e+00 2.593940e-01 0
1.230000e+00 2.593940e-01 0
1.230000e+00 2.593940e-01 0
1.230000e+00 2.593940e-01 0
1.230000e+00 2.593940e-01 0
1.230000e+00 2.593940e-01 0
1.230000e+00 2.593940e-01 0
1.230000e+00 2.593940e-01 0
1.230000e+00 2.593940e-01 0
1.230000e+00 2.593940e-01 0
1.230000e+00 2.593940e-01 0
1.230000e+00 2.593940e-01 0
1.230000e+00 2.593940e-01 0
1.230000e+00 2.593940e-01 0
1.230000e+00 2.593940e-01 0
1.230000e+00 2.593940e-01 0
1.230000e+00 2.593940e-01 0
1.230000e+00 2.593940e-01 0
1.230000e+00 2.593940e-01 0
1.230000e+00 2.593940e-01 0
1.230000e+00 2.593940e-01 0
1.230000e+00 2.593940e-01 0
1.230000e+00 2.593940e-01 0
1.230000e+00 2.593940e-01 0
1.230000e+00 2.593940e-01 0
1.230000e+00 2.593940e-01 0
1.230000e+00 2.593940e-01 0
1.230000e+00 2.593940e-01 0
1.230000e+00 2.593940e-01 0
1.230000e+00 2.593940e-01 0
1.230000e+00 2.593940e-01 0
1.230000e+00 2.593940e-01 0
1.230000e+00 2.593940e-01 0
1.230000e+00 2.593940e-01 0
1.230000e+00 2.593940e-01 0
1.230000e+00 2.593940e-01 0
1.230000e+00 2.593940e-01 0
1.230000e+00 2.593940e-01 0
1.230000e+00 2.593940e-01 0
1.230000e+00 2.593940e-01 0
1.230000e+00 2.593940e-01 0
1.230000e+00 2.593940e-01 0
1.230000e+00 2.593940e-01 0
1.230000e+00 2.593940e-01 0
1.230000e+00 2.593940e-01 0
1.230000e+00 2.593940e-01 0
1.230000e+00 2.593940e-01 0
1.230000e+00 2.593940e-01 0
1.230000e+00 2.593940e-01 0
1.230000e+00 2.593940e-01 0
1.230000e+00 2.593940e-01 0
1.230000e+00 2.593940e-01 0
1.230000e+00 2.593940e-01 0
1.230000e+00 2.593940e-01 0
1.230000e+00 2.593940e-01 0
1.230000e+00 2.593940e-01 0
1.230000e+00 2.593940e-01 0
1.230000e+00 2.593940e-01 0
1.230000e+00 2.593940e-01 0
1.230000e+00 2.593940e-01 0
1.230000e+00 2.593940e-01 0
1.230000e+00 2.593940e-01 0
1.230000e+00 2.593940e-01 0
1.230000e+00 2.593940e-01 0
1.230000e+00 2.593940e-01 0
1.230000e+00 2.593940e-01 0
1.230000e+00 2.593940e-01 0
1.230000e+00 2.593940e-01 0
1.230000e+00 2.593940e-01 0
1.230000e+00 2.593940e-01 0
1.230000e+00 2.593940e-01 0
1.230000e+00 2.593940e-01 0
1.230000e+00 2.593940e-01 0
1.230000e+00 2.593940e-01 0
1.230000e+00 2.593940e-01 0
1.230000e+00 2.593940e-01 0
1.230000e+00 2.593940e-01 0
1.230000e+00 2.593940e-01 0
1.230000e+00 2.593940e-01 0
1.230000e+00 2.593940e-01 0
1.230000e+00 2.593940e-01 0
1.230000e+00 2.593940e-01 0
1.230000e+00 2.593940e-01 0
1.230000e+00 2.593940e-01 0
1.230000e+00 2.593940e-01 0
1.230000e+00 2.593940e-01 0
1.230000e+00 2.593940e-01 0
1.230000e+00 2.593940e-01 0
1.230000e+00 2.593940e-01 0
1.230000e+00 2.593940e-01 0
1.230000e+00 2.593940e-01 0
1.230000e+00 2.593940e-01 0
1.230000e+00 2.593940e-01 0
1.230000e+00 2.593940e-01 0
1.230000e+00 2.593940e-01 0
1.230000e+00 2.593940e-01 0
1.230000e+00 2.593940e-01 0
1.230000e+00 2.593940e-01 0
1.230000e+00 2.593940e-01 0
1.230000e+00 2.593940e-01 0
1.230000e+00 2.593940e-01 0
1.230000e+00 2.593940e-01 0
1.230000e+00 2.593940e-01 0
1.230000e+00 2.593940e-01 0
1.230000e+00 2.593940e-01 0
1.230000e+00 2.593940e-01 0
1.230000e+00 2.593940e-01 0
1.230000e+00 2.593940e-01 0
1.230000e+00 2.593940e-01 0
1.230000e+00 2.593940e-01 0
1.230000e+00 2.593940e-01 0
1.230000e+00 2.593940e-01 0
1.230000e+00 2.593940e-01 0
1.230000e+00 2.593940e-01 0
1.230000e+00 2.593940e-01 0
1.230000e+00 2.593940e-01 0
1.230000e+00 2.593940e-01 0
1.230000e+00 2.593940e-01 0
1.230000e+00 2.593940e-01 0
1.230000e+00 2.593940e-01 0
1.230000e+00 2.593940e-01 0
1.230000e+00 2.593940e-01 0
1.230000e+00 2.593940e-01 0
1.230000e+00 2.593940e-01 0
1.230000e+00 2.593940e-01 0
1.230000e+00 2.593940e-01 0
1.230000e+00 2.593940e-01 0
1.230000e+00 2.593940e-01 0
1.230000e+00 2.593940e-01 0
1.230000e+00 2.593940e-01 0
1.230000e+00 2.593940e-01 0
1.230000e+00 2.593940e-01 0
1.230000e+00 2.593940e-01 0
1.230000e+00 2.593940e-01 0
1.230000e+00 2.593940e-01 0
1.230000e+00 2.593940e-01 0
1.230000e+00 2.593940e-01 0
1.230000e+00 2.593940e-01 0
1.230000e+00 2.593940e-01 0
1.230000e+00 2.593940e-01 0
1.230000e+00 2.593940e-01 0
1.230000e+00 2.593940e-01 0
1.230000e+00 2.593940e-01 0
1.230000e+00 2.593940e-01 0
1.230000e+00 2.593940e-01 0
1.230000e+00 2.593940e-01 0
1.230000e+00 2.593940e-01 0
1.230000e+00 2.593940e-01 0
1.230000e+00 2.593940e-01 0
1.230000e+00 2.593940e-01 0
1.230000e+00 2.593940e-01 0
1.230000e+00 2.593940e-01 0
1.230000e+00 2.593940e-01 0
1.230000e+00 2.593940e-01 0
1.230000e+00 2.593940e-01 0
1.230000e+00 2.593940e-01 0
1.230000e+00 2.593940e-01 0
1.230000e+00 2.593940e-01 0
1.230000e+00 2.593940e-01 0
1.230000e+00 2.593940e-01 0
1.230000e+00 2.593940e-01 0
1.230000e+00 2.593940e-01 0
1.230000e+00 2.593940e-01 0
1.230000e+00 2.593940e-01 0
1.230000e+00 2.593940e-01 0
1.230000e+00 2.593940e-01 0
1.230000e+00 2.593940e-01 0
1.230000e+00 2.593940e-01 0
1.230000e+00 2.593940e-01 0
1.230000e+00 2.593940e-01 0
1.230000e+00 2.593940e-01 0
1.230000e+00 2.593940e-01 0
1.230000e+00 2.593940e-01 0
1.230000e+00 2.593940e-01 0
1.230000e+00 2.593940e-01 0
1.230000e+00 2.593940e-01 0
1.230000e+00 2.593940e-01 0
1.230000e+00 2.593940e-01 0
1.230000e+00 2.593940e-01 0
1.230000e+00 2.593940e-01 0
1.230000e+00 2.593940e-01 0
1.230000e+00 2.593940e-01 0
1.230000e+00 2.593940e-01 0
1.230000e+00 2.593940e-01 0
1.230000e+00 2.593940e-01 0
1.230000e+00 2.593940e-01 0
1.230000e+00 2.593940e-01 0
1.230000e+00 2.593940e-01 0
1.230000e+00 2.593940e-01 0
1.230000e+00 2.593940e-01 0
1.230000e+00 2.593940e-01 0
1.230000e+00 2.593940e-01 0
1.230000e+00 2.593940e-01 0
1.230000e+00 2.593940e-01 0
1.232000e+00 2.593940e-01 1.568000e-03
1.234000e+00 2.593940e-01 3.072000e-03
1.236000e+00 2.593940e-01 4.512000e-03
1.238000e+00 2.593940e-01 5.888000e-03
1.240000e+00 2.593940e-01 7.200000e-03
1.242000e+00 2.593940e-01 8.448000e-03
1.244000e+00 2.593940e-01 9.632000e-03
1.246000e+00 2.593940e-01 1.075200e-02
1.248000e+00 2.593940e-01 1.180800e-02
1.250000e+00 2.593940e-01 1.280000e-02
1.252000e+00 2.593940e-01 1.372800e-02
1.254000e+00 2.593940e-01 1.459200e-02
1.256000e+00 2.593940e-01 1.539200e-02
1.258000e+00 2.593940e-01 1.612800e-02
1.260000e+00 2.593940e-01 1.680000e-02
1.262000e+00 2.593940e-01 1.740800e-02
1.264000e+00 2.593940e-01 1.795200e-02
1.266000e+00 2.593940e-01 1.843200e-02
1.268000e+00 2.593940e-01 1.884800e-02
1.270000e+00 2.593940e-01 1.920000e-02
1.272000e+00 2.593940e-01 1.948800e-02
1.274000e+00 2.593940e-01 1.971200e-02
1.276000e+00 2.593940e-01 1.987200e-02
1.278000e+00 2.593940e-01 1.996800e-02
1.280000e+00 2.593940e-01 2.000000e-02
1.282000e+00 2.593940e-01 1.996800e-02
1.284000e+00 2.593940e-01 1.987200e-02
1.286000e+00 2.593940e-01 1.971200e-02
1.288000e+00 2.593940e-01 1.948800e-02
1.290000e+00 2.593940e-01 1.920000e-02
1.292000e+00 2.593940e-01 1.884800e-02
1.294000e+00 2.593940e-01 1.843200e-02
1.296000e+00 2.593940e-01 1.795200e-02
1.298000e+00 2.593940e-01 1.740800e-02
1.300000e+00 2.593940e-01 1.680000e-02
1.302000e+00 2.593940e-01 1.612800e-02
1.304000e+00 2.593940e-01 1.539200e-02
1.306000e+00 2.593940e-01 1.459200e-02
1.308000e+00 2.593940e-01 1.372800e-02
1.310000e+00 2.593940e-01 1.280000e-02
1.312000e+00 2.593940e-01 1.180800e-02
1.314000e+00 2.593940e-01 1.075200e-02
1.316000e+00 2.593940e-01 9.632000e-03
1.318000e+00 2.593940e-01 8.448000e-03
1.320000e+00 2.593940e-01 7.200000e-03
1.322000e+00 2.593940e-01 5.888000e-03
1.324000e+00 2.593940e-01 4.512000e-03
1.326000e+00 2.593940e-01 3.072000e-03
1.328000e+00 2.593940e-01 1.568000e-03
1.330000e+00 2.593940e-01 0
1.330000e+00 2.593940e-01 0
1.330000e+00 2.593940e-01 0
1.330000e+00 2.593940e-01 0
1.330000e+00 2.593940e-01 0
1.330000e+00 2.593940e-01 0
1.330000e+00 2.593940e-01 0
1.330000e+00 2.593940e-01 0
1.330000e+00 2.593940e-01 0
1.330000e+00 2.593940e-01 0
1.330000e+00 2.593940e-01 0
1.330000e+00 2.593940e-01 0
1.330000e+00 2.593940e-01 0
1.330000e+00 2.593940e-01 0
1.330000e+00 2.593940e-01 0
1.330000e+00 2.593940e-01 0
1.330000e+00 2.593940e-01 0
1.330000e+00 2.593940e-01 0
1.330000e+00 2.593940e-01 0
1.330000e+00 2.593940e-01 0
1.330000e+00 2.593940e-01 0
1.330000e+00 2.593940e-01 0
1.330000e+00 2.593940e-01 0
1.330000e+00 2.593940e-01 0
1.330000e+00 2.593940e-01 0
1.330000e+00 2.593940e-01 0
1.330000e+00 2.593940e-01 0
1.330000e+00 2.593940e-01 0
1.330000e+00 2.593940e-01 0
1.330000e+00 2.593940e-01 0
1.330000e+00 2.593940e-01 0
1.330000e+00 2.593940e-01 0
1.330000e+00 2.593940e-01 0
1.330000e+00 2.593940e-01 0
1.330000e+00 2.593940e-01 0
1.330000e+00 2.593940e-01 0
1.330000e+00 2.593940e-01 0
1.330000e+00 2.593940e-01 0
1.330000e+00 2.593940e-01 0
1.330000e+00 2.593940e-01 0
1.330000e+00 2.593940e-01 0
1.330000e+00 2.593940e-01 0
1.330000e+00 2.593940e-01 0
1.330000e+00 2.593940e-01 0
1.330000e+00 2.593940e-01 0
1.330000e+00 2.593940e-01 0
1.330000e+00 2.593940e-01 0
1.330000e+00 2.593940e-01 0
1.330000e+00 2.593940e-01 0
1.330000e+00 2.593940e-01 0
1.330000e+00 2.593940e-01 0
1.330000e+00 2.593940e-01 0
1.330000e+00 2.593940e-01 0
1.330000e+00 2.593940e-01 0
1.330000e+00 2.593940e-01 0
1.330000e+00 2.593940e-01 0
1.330000e+00 2.593940e-01 0
1.330000e+00 2.593940e-01 0
1.330000e+00 2.593940e-01 0
1.330000e+00 2.593940e-01 0
1.330000e+00 2.593940e-01 0
1.330000e+00 2.593940e-01 0
1.330000e+00 2.593940e-01 0
1.330000e+00 2.593940e-01 0
1.330000e+00 2.593940e-01 0
1.330000e+00 2.593940e-01 0
1.330000e+00 2.593940e-01 0
1.330000e+00 2.593940e-01 0
1.330000e+00 2.593940e-01 0
1.330000e+00 2.593940e-01 0
1.330000e+00 2.593940e-01 0
1.330000e+00 2.593940e-01 0
1.330000e+00 2.593940e-01 0
1.330000e+00 2.593940e-01 0
1.330000e+00 2.593940e-01 0
1.330000e+00 2.593940e-01 0
1.330000e+00 2.593940e-01 0
1.330000e+00 2.593940e-01 0
1.330000e+00 2.593940e-01 0
1.330000e+00 2.593940e-01 0
1.330000e+00 2.593940e-01 0
1.330000e+00 2.593940e-01 0
1.330000e+00 2.593940e-01 0
1.330000e+00 2.593940e-01 0
1.330000e+00 2.593940e-01 0
1.330000e+00 2.593940e-01 0
1.330000e+00 2.593940e-01 0
1.330000e+00 2.593940e-01 0
1.330000e+00 2.593940e-01 0
1.330000e+00 2.593940e-01 0
1.330000e+00 2.593940e-01 0
1.330000e+00 2.593940e-01 0
1.330000e+00 2.593940e-01 0
1.330000e+00 2.593940e-01 0
1.330000e+00 2.593940e-01 0
1.330000e+00 2.593940e-01 0
1.330000e+00 2.593940e-01 0
1.330000e+00 2.593940e-01 0
1.330000e+00 2.593940e-01 0
1.330000e+00 2.593940e-01 0
1.330000e+00 2.593940e-01 0
1.330000e+00 2.593940e-01 0
1.330000e+00 2.593940e-01 0
1.330000e+00 2.593940e-01 0
1.330000e+00 2.593940e-01 0
1.330000e+00 2.593940e-01 0
1.330000e+00 2.593940e-01 0
1.330000e+00 2.593940e-01 0
1.330000e+00 2.593940e-01 0
1.330000e+00 2.593940e-01 0
1.330000e+00 2.593940e-01 0
1.330000e+00 2.593940e-01 0
1.330000e+00 2.593940e-01 0
1.330000e+00 2.593940e-01 0
1.330000e+00 2.593940e-01 0
1.330000e+00 2.593940e-01 0
1.330000e+00 2.593940e-01 0
1.330000e+00 2.593940e-01 0
1.330000e+00 2.593940e-01 0
1.330000e+00 2.593940e-01 0
1.330000e+00 2.593940e-01 0
1.330000e+00 2.593940e-01 0
1.330000e+00 2.593940e-01 0
1.330000e+00 2.593940e-01 0
1.330000e+00 2.593940e-01 0
1.330000e+00 2.593940e-01 0
1.330000e+00 2.593940e-01 0
1.330000e+00 2.593940e-01 0
1.330000e+00 2.593940e-01 0
1.330000e+00 2.593940e-01 0
1.330000e+00 2.593940e-01 0
1.330000e+00 2.593940e-01 0
1.330000e+00 2.593940e-01 0
1.330000e+00 2.593940e-01 0
1.330000e+00 2.593940e-01 0
1.330000e+00 2.593940e-01 0
1.330000e+00 2.593940e-01 0
1.330000e+00 2.593940e-01 0
1.330000e+00 2.593940e-01 0
1.330000e+00 2.593940e-01 0
1.330000e+00 2.593940e-01 0
1.330000e+00 2.593940e-01 0
1.330000e+00 2.593940e-01 0
1.330000e+00 2.593940e-01 0
1.330000e+00 2.593940e-01 0
1.330000e+00 2.593940e-01 0
1.330000e+00 2.593940e-01 0
1.330000e+00 2.593940e-01 0
1.330000e+00 2.593940e-01 0
1.330000e+00 2.593940e-01 0
1.330000e+00 2.593940e-01 0
1.330000e+00 2.593940e-01 0
1.330000e+00 2.593940e-01 0
1.330000e+00 2.593940e-01 0
1.330000e+00 2.593940e-01 0
1.330000e+00 2.593940e-01 0
1.330000e+00 2.593940e-01 0
1.330000e+00 2.593940e-01 0
1.330000e+00 2.593940e-01 0
1.330000e+00 2.593940e-01 0
1.330000e+00 2.593940e-01 0
1.330000e+00 2.593940e-01 0
1.330000e+00 2.593940e-01 0
1.330000e+00 2.593940e-01 0
1.330000e+00 2.593940e-01 0
1.330000e+00 2.593940e-01 0
1.330000e+00 2.593940e-01 0
1.330000e+00 2.593940e-01 0
1.330000e+00 2.593940e-01 0
1.330000e+00 2.593940e-01 0
1.330000e+00 2.593940e-01 0
1.330000e+00 2.593940e-01 0
1.330000e+00 2.593940e-01 0
1.330000e+00 2.593940e-01 0
1.330000e+00 2.593940e-01 0
1.330000e+00 2.593940e-01 0
1.330000e+00 2.593940e-01 0
1.330000e+00 2.593940e-01 0
1.330000e+00 2.593940e-01 0
1.330000e+00 2.593940e-01 0
1.330000e+00 2.593940e-01 0
1.330000e+00 2.593940e-01 0
1.330000e+00 2.593940e-01 0
1.330000e+00 2.593940e-01 0
1.330000e+00 2.593940e-01 0
1.330000e+00 2.593940e-01 0
1.330000e+00 2.593940e-01 0
1.330000e+00 2.593940e-01 0
1.330000e+00 2.593940e-01 0
1.330000e+00 2.593940e-01 0
1.330000e+00 2.593940e-01 0
1.330000e+00 2.593940e-01 0
1.330000e+00 2.593940e-01 0
1.330000e+00 2.593940e-01 0
1.330000e+00 2.593940e-01 0
1.330000e+00 2.593940e-01 0
1.330000e+00 2.593940e-01 0
1.330000e+00 2.593940e-01 0
1.330000e+00 2.593940e-01 0
1.330000e+00 2.593940e-01 0
1.330000e+00 2.593940e-01 0
1.330000e+00 2.593940e-01 0
1.330000e+00 2.593940e-01 0
1.330000e+00 2.593940e-01 0
1.330000e+00 2.593940e-01 0
1.330000e+00 2.593940e-01 0
1.330000e+00 2.593940e-01 0
1.330000e+00 2.593940e-01 0
1.330000e+00 2.593940e-01 0
1.330000e+00 2.593940e-01 0
1.330000e+00 2.593940e-01 0
1.330000e+00 2.593940e-01 0
1.330000e+00 2.593940e-01 0
1.330000e+00 2.593940e-01 0
1.330000e+00 2.593940e-01 0
1.330000e+00 2.593940e-01 0
1.330000e+00 2.593940e-01 0
1.330000e+00 2.593940e-01 0
1.330000e+00 2.593940e-01 0
1.330000e+00 2.593940e-01 0
1.330000e+00 2.593940e-01 0
1.330000e+00 2.593940e-01 0
1.330000e+00 2.593940e-01 0
1.330000e+00 2.593940e-01 0
1.330000e+00 2.593940e-01 0
1.330000e+00 2.593940e-01 0
1.330000e+00 2.593940e-01 0
1.330000e+00 2.593940e-01 0
1.330000e+00 2.593940e-01 0
1.330000e+00 2.593940e-01 0
1.330000e+00 2.593940e-01 0
1.330000e+00 2.593940e-01 0
1.330000e+00 2.593940e-01 0
1.330000e+00 2.593940e-01 0
1.330000e+00 2.593940e-01 0
1.330000e+00 2.593940e-01 0
1.330000e+00 2.593940e-01 0
1.330000e+00 2.593940e-01 0
1.330000e+00 2.593940e-01 0
1.330000e+00 2.593940e-01 0
1.330000e+00 2.593940e-01 0
1.330000e+00 2.593940e-01 0
1.330000e+00 2.593940e-01 0
1.330000e+00 2.593940e-01 0
1.330000e+00 2.593940e-01 0
1.330000e+00 2.593940e-01 0
1.330000e+00 2.593940e-01 0
1.330000e+00 2.593940e-01 0
1.330000e+00 2.593940e-01 0
1.330000e+00 2.593940e-01 0
1.330000e+00 2.593940e-01 0
1.330000e+00 2.593940e-01 0
1.330000e+00 2.593940e-01 0
1.330000e+00 2.593940e-01 0
1.330000e+00 2.593940e-01 0
1.330000e+00 2.593940e-01 0
1.330000e+00 2.593940e-01 0
1.330000e+00 2.593940e-01 0
1.330000e+00 2.593940e-01 0
1.330000e+00 2.593940e-01 0
1.330000e+00 2.593940e-01 0
1.330000e+00 2.593940e-01 0
1.330000e+00 2.593940e-01 0
1.330000e+00 2.593940e-01 0
1.330000e+00 2.593940e-01 0
1.330000e+00 2.593940e-01 0
1.330000e+00 2.593940e-01 0
1.330000e+00 2.593940e-01 0
1.330000e+00 2.593940e-01 0
1.330000e+00 2.593940e-01 0
1.330000e+00 2.593940e-01 0
1.330000e+00 2.593940e-01 0
1.330000e+00 2.593940e-01 0
1.330000e+00 2.593940e-01 0
1.330000e+00 2.593940e-01 0
1.330000e+00 2.593940e-01 0
1.330000e+00 2.593940e-01 0
1.330000e+00 2.593940e-01 0
1.330000e+00 2.593940e-01 0
1.330000e+00 2.593940e-01 0
1.330000e+00 2.593940e-01 0
1.330000e+00 2.593940e-01 0
1.330000e+00 2.593940e-01 0
1.330000e+00 2.593940e-01 0
1.330000e+00 2.593940e-01 0
1.330000e+00 2.593940e-01 0
1.330000e+00 2.593940e-01 0
1.330000e+00 2.593940e-01 0
1.330000e+00 2.593940e-01 0
1.330000e+00 2.593940e-01 0
1.330000e+00 2.593940e-01 0
1.330000e+00 2.593940e-01 0
1.330000e+00 2.593940e-01 0
1.330000e+00 2.593940e-01 0
1.330000e+00 2.593940e-01 0
1.330000e+00 2.593940e-01 0
1.330000e+00 2.593940e-01 0
1.330000e+00 2.593940e-01 0
1.330000e+00 2.593940e-01 0
1.330000e+00 2.593940e-01 0
1.330000e+00 2.593940e-01 0
