0 -2.593940e-01 0
0 -2.593940e-01 0
0 -2.593940e-01 0
0 -2.593940e-01 0
0 -2.593940e-01 0
0 -2.593940e-01 0
0 -2.593940e-01 0
0 -2.593940e-01 0
0 -2.593940e-01 0
0 -2.593940e-01 0
0 -2.593940e-01 0
0 -2.593940e-01 0
0 -2.593940e-01 0
0 -2.593940e-01 0
0 -2.593940e-01 0
0 -2.593940e-01 0
0 -2.593940e-01 0
0 -2.593940e-01 0
0 -2.593940e-01 0
0 -2.593940e-01 0
0 -2.593940e-01 0
0 -2.593940e-01 0
0 -2.593940e-01 0
0 -2.593940e-01 0
0 -2.593940e-01 0
0 -2.593940e-01 0
0 -2.593940e-01 0
0 -2.593940e-01 0
0 -2.593940e-01 0
0 -2.593940e-01 0
0 -2.593940e-01 0
0 -2.593940e-01 0
0 -2.593940e-01 0
0 -2.593940e-01 0
0 -2.593940e-01 0
0 -2.593940e-01 0
0 -2.593940e-01 0
0 -2.593940e-01 0
0 -2.593940e-01 0
0 -2.593940e-01 0
0 -2.593940e-01 0
0 -2.593940e-01 0
0 -2.593940e-01 0
0 -2.593940e-01 0
0 -2.593940e-01 0
0 -2.593940e-01 0
0 -2.593940e-01 0
0 -2.593940e-01 0
0 -2.593940e-01 0
0 -2.593940e-01 0
0 -2.593940e-01 0
0 -2.593940e-01 0
0 -2.593940e-01 0
0 -2.593940e-01 0
0 -2.593940e-01 0
0 -2.593940e-01 0
0 -2.593940e-01 0
0 -2.593940e-01 0
0 -2.593940e-01 0
0 -2.593940e-01 0
0 -2.593940e-01 0
0 -2.593940e-01 0
0 -2.593940e-01 0
0 -2.593940e-01 0
0 -2.593940e-01 0
0 -2.593940e-01 0
0 -2.593940e-01 0
0 -2.593940e-01 0
0 -2.593940e-01 0
0 -2.593940e-01 0
0 -2.593940e-01 0
0 -2.593940e-01 0
0 -2.593940e-01 0
0 -2.593940e-01 0
0 -2.593940e-01 0
0 -2.593940e-01 0
0 -2.593940e-01 0
0 -2.593940e-01 0
0 -2.593940e-01 0
0 -2.593940e-01 0
0 -2.593940e-01 0
0 -2.593940e-01 0
0 -2.593940e-01 0
0 -2.593940e-01 0
0 -2.593940e-01 0
0 -2.593940e-01 0
0 -2.593940e-01 0
0 -2.593940e-01 0
0 -2.593940e-01 0
0 -2.593940e-01 0
0 -2.593940e-01 0
0 -2.593940e-01 0
0 -2.593940e-01 0
0 -2.593940e-01 0
0 -2.593940e-01 0
0 -2.593940e-01 0
0 -2.593940e-01 0
0 -2.593940e-01 0
0 -2.593940e-01 0
0 -2.593940e-01 0
0 -2.593940e-01 0
0 -2.593940e-01 0
0 -2.593940e-01 0
0 -2.593940e-01 0
0 -2.593940e-01 0
0 -2.593940e-01 0
0 -2.593940e-01 0
0 -2.593940e-01 0
0 -2.593940e-01 0
0 -2.593940e-01 0
0 -2.593940e-01 0
0 -2.593940e-01 0
0 -2.593940e-01 0
0 -2.593940e-01 0
0 -2.593940e-01 0
0 -2.593940e-01 0
0 -2.593940e-01 0
0 -2.593940e-01 0
0 -2.593940e-01 0
0 -2.593940e-01 0
0 -2.593940e-01 0
0 -2.593940e-01 0
0 -2.593940e-01 0
0 -2.593940e-01 0
0 -2.593940e-01 0
0 -2.593940e-01 0
0 -2.593940e-01 0
0 -2.593940e-01 0
0 -2.593940e-01 0
0 -2.593940e-01 0
0 -2.593940e-01 0
0 -2.593940e-01 0
0 -2.593940e-01 0
0 -2.593940e-01 0
0 -2.593940e-01 0
0 -2.593940e-01 0
0 -2.593940e-01 0
0 -2.593940e-01 0
0 -2.593940e-01 0
0 -2.593940e-01 0
0 -2.593940e-01 0
0 -2.593940e-01 0
0 -2.593940e-01 0
0 -2.593940e-01 0
0 -2.593940e-01 0
0 -2.593940e-01 0
0 -2.593940e-01 0
0 -2.593940e-01 0
0 -2.593940e-01 0
0 -2.593940e-01 0
9.999997e-04 -2.593940e-01 1.568000e-03
1.999999e-03 -2.593940e-01 3.072000e-03
2.999999e-03 -2.593940e-01 4.512000e-03
3.999999e-03 -2.593940e-01 5.888000e-03
4.999998e-03 -2.593940e-01 7.200000e-03
5.999998e-03 -2.593940e-01 8.448000e-03
6.999998e-03 -2.593940e-01 9.632000e-03
7.999997e-03 -2.593940e-01 1.075200e-02
8.999997e-03 -2.593940e-01 1.180800e-02
9.999997e-03 -2.593940e-01 1.280000e-02
1.100000e-02 -2.593940e-01 1.372800e-02
1.200000e-02 -2.593940e-01 1.459200e-02
1.300000e-02 -2.593940e-01 1.539200e-02
1.400000e-02 -2.593940e-01 1.612800e-02
1.500000e-02 -2.593940e-01 1.680000e-02
1.599999e-02 -2.593940e-01 1.740800e-02
1.699999e-02 -2.593940e-01 1.795200e-02
1.799999e-02 -2.593940e-01 1.843200e-02
1.899999e-02 -2.593940e-01 1.884800e-02
1.999999e-02 -2.593940e-01 1.920000e-02
2.099999e-02 -2.593940e-01 1.948800e-02
2.199999e-02 -2.593940e-01 1.971200e-02
2.299999e-02 -2.593940e-01 1.987200e-02
2.399999e-02 -2.593940e-01 1.996800e-02
2.499999e-02 -2.593940e-01 2.000000e-02
2.599999e-02 -2.593940e-01 1.996800e-02
2.699999e-02 -2.593940e-01 1.987200e-02
2.799999e-02 -2.593940e-01 1.971200e-02
2.899999e-02 -2.593940e-01 1.948800e-02
2.999999e-02 -2.593940e-01 1.920000e-02
3.099999e-02 -2.593940e-01 1.884800e-02
3.199999e-02 -2.593940e-01 1.843200e-02
3.299999e-02 -2.593940e-01 1.795200e-02
3.399999e-02 -2.593940e-01 1.740800e-02
3.499999e-02 -2.593940e-01 1.680000e-02
3.599999e-02 -2.593940e-01 1.612800e-02
3.699999e-02 -2.593940e-01 1.539200e-02
3.799999e-02 -2.593940e-01 1.459200e-02
3.899999e-02 -2.593940e-01 1.372800e-02
3.999999e-02 -2.593940e-01 1.280000e-02
4.099999e-02 -2.593940e-01 1.180800e-02
4.199999e-02 -2.593940e-01 1.075200e-02
4.299999e-02 -2.593940e-01 9.632000e-03
4.399999e-02 -2.593940e-01 8.448000e-03
4.499999e-02 -2.593940e-01 7.200000e-03
4.599999e-02 -2.593940e-01 5.888000e-03
4.699998e-02 -2.593940e-01 4.512000e-03
4.799998e-02 -2.593940e-01 3.072000e-03
4.899998e-02 -2.593940e-01 1.568000e-03
4.999998e-02 -2.593940e-01 0
4.999998e-02 -2.593940e-01 0
4.999998e-02 -2.593940e-01 0
4.999998e-02 -2.593940e-01 0
4.999998e-02 -2.593940e-01 0
4.999998e-02 -2.593940e-01 0
4.999998e-02 -2.593940e-01 0
4.999998e-02 -2.593940e-01 0
4.999998e-02 -2.593940e-01 0
4.999998e-02 -2.593940e-01 0
4.999998e-02 -2.593940e-01 0
4.999998e-02 -2.593940e-01 0
4.999998e-02 -2.593940e-01 0
4.999998e-02 -2.593940e-01 0
4.999998e-02 -2.593940e-01 0
4.999998e-02 -2.593940e-01 0
4.999998e-02 -2.593940e-01 0
4.999998e-02 -2.593940e-01 0
4.999998e-02 -2.593940e-01 0
4.999998e-02 -2.593940e-01 0
4.999998e-02 -2.593940e-01 0
4.999998e-02 -2.593940e-01 0
4.999998e-02 -2.593940e-01 0
4.999998e-02 -2.593940e-01 0
4.999998e-02 -2.593940e-01 0
4.999998e-02 -2.593940e-01 0
4.999998e-02 -2.593940e-01 0
4.999998e-02 -2.593940e-01 0
4.999998e-02 -2.593940e-01 0
4.999998e-02 -2.593940e-01 0
4.999998e-02 -2.593940e-01 0
4.999998e-02 -2.593940e-01 0
4.999998e-02 -2.593940e-01 0
4.999998e-02 -2.593940e-01 0
4.999998e-02 -2.593940e-01 0
4.999998e-02 -2.593940e-01 0
4.999998e-02 -2.593940e-01 0
4.999998e-02 -2.593940e-01 0
4.999998e-02 -2.593940e-01 0
4.999998e-02 -2.593940e-01 0
4.999998e-02 -2.593940e-01 0
4.999998e-02 -2.593940e-01 0
4.999998e-02 -2.593940e-01 0
4.999998e-02 -2.593940e-01 0
4.999998e-02 -2.593940e-01 0
4.999998e-02 -2.593940e-01 0
4.999998e-02 -2.593940e-01 0
4.999998e-02 -2.593940e-01 0
4.999998e-02 -2.593940e-01 0
4.999998e-02 -2.593940e-01 0
4.999998e-02 -2.593940e-01 0
4.999998e-02 -2.593940e-01 0
4.999998e-02 -2.593940e-01 0
4.999998e-02 -2.593940e-01 0
4.999998e-02 -2.593940e-01 0
4.999998e-02 -2.593940e-01 0
4.999998e-02 -2.593940e-01 0
4.999998e-02 -2.593940e-01 0
4.999998e-02 -2.593940e-01 0
4.999998e-02 -2.593940e-01 0
4.999998e-02 -2.593940e-01 0
4.999998e-02 -2.593940e-01 0
4.999998e-02 -2.593940e-01 0
4.999998e-02 -2.593940e-01 0
4.999998e-02 -2.593940e-01 0
4.999998e-02 -2.593940e-01 0
4.999998e-02 -2.593940e-01 0
4.999998e-02 -2.593940e-01 0
4.999998e-02 -2.593940e-01 0
4.999998e-02 -2.593940e-01 0
4.999998e-02 -2.593940e-01 0
4.999998e-02 -2.593940e-01 0
4.999998e-02 -2.593940e-01 0
4.999998e-02 -2.593940e-01 0
4.999998e-02 -2.593940e-01 0
4.999998e-02 -2.593940e-01 0
4.999998e-02 -2.593940e-01 0
4.999998e-02 -2.593940e-01 0
4.999998e-02 -2.593940e-01 0
4.999998e-02 -2.593940e-01 0
4.999998e-02 -2.593940e-01 0
4.999998e-02 -2.593940e-01 0
4.999998e-02 -2.593940e-01 0
4.999998e-02 -2.593940e-01 0
4.999998e-02 -2.593940e-01 0
4.999998e-02 -2.593940e-01 0
4.999998e-02 -2.593940e-01 0
4.999998e-02 -2.593940e-01 0
4.999998e-02 -2.593940e-01 0
4.999998e-02 -2.593940e-01 0
4.999998e-02 -2.593940e-01 0
4.999998e-02 -2.593940e-01 0
4.999998e-02 -2.593940e-01 0
4.999998e-02 -2.593940e-01 0
4.999998e-02 -2.593940e-01 0
4.999998e-02 -2.593940e-01 0
4.999998e-02 -2.593940e-01 0
4.999998e-02 -2.593940e-01 0
4.999998e-02 -2.593940e-01 0
4.999998e-02 -2.593940e-01 0
4.999998e-02 -2.593940e-01 0
4.999998e-02 -2.593940e-01 0
4.999998e-02 -2.593940e-01 0
4.999998e-02 -2.593940e-01 0
4.999998e-02 -2.593940e-01 0
4.999998e-02 -2.593940e-01 0
4.999998e-02 -2.593940e-01 0
4.999998e-02 -2.593940e-01 0
4.999998e-02 -2.593940e-01 0
4.999998e-02 -2.593940e-01 0
4.999998e-02 -2.593940e-01 0
4.999998e-02 -2.593940e-01 0
4.999998e-02 -2.593940e-01 0
4.999998e-02 -2.593940e-01 0
4.999998e-02 -2.593940e-01 0
4.999998e-02 -2.593940e-01 0
4.999998e-02 -2.593940e-01 0
4.999998e-02 -2.593940e-01 0
4.999998e-02 -2.593940e-01 0
4.999998e-02 -2.593940e-01 0
4.999998e-02 -2.593940e-01 0
4.999998e-02 -2.593940e-01 0
4.999998e-02 -2.593940e-01 0
4.999998e-02 -2.593940e-01 0
4.999998e-02 -2.593940e-01 0
4.999998e-02 -2.593940e-01 0
4.999998e-02 -2.593940e-01 0
4.999998e-02 -2.593940e-01 0
4.999998e-02 -2.593940e-01 0
4.999998e-02 -2.593940e-01 0
4.999998e-02 -2.593940e-01 0
4.999998e-02 -2.593940e-01 0
4.999998e-02 -2.593940e-01 0
4.999998e-02 -2.593940e-01 0
4.999998e-02 -2.593940e-01 0
4.999998e-02 -2.593940e-01 0
4.999998e-02 -2.593940e-01 0
4.999998e-02 -2.593940e-01 0
4.999998e-02 -2.593940e-01 0
4.999998e-02 -2.593940e-01 0
4.999998e-02 -2.593940e-01 0
4.999998e-02 -2.593940e-01 0
4.999998e-02 -2.593940e-01 0
4.999998e-02 -2.593940e-01 0
4.999998e-02 -2.593940e-01 0
4.999998e-02 -2.593940e-01 0
4.999998e-02 -2.593940e-01 0
4.999998e-02 -2.593940e-01 0
4.999998e-02 -2.593940e-01 0
4.999998e-02 -2.593940e-01 0
4.999998e-02 -2.593940e-01 0
4.999998e-02 -2.593940e-01 0
4.999998e-02 -2.593940e-01 0
4.999998e-02 -2.593940e-01 0
4.999998e-02 -2.593940e-01 0
4.999998e-02 -2.593940e-01 0
4.999998e-02 -2.593940e-01 0
4.999998e-02 -2.593940e-01 0
4.999998e-02 -2.593940e-01 0
4.999998e-02 -2.593940e-01 0
4.999998e-02 -2.593940e-01 0
4.999998e-02 -2.593940e-01 0
4.999998e-02 -2.593940e-01 0
4.999998e-02 -2.593940e-01 0
4.999998e-02 -2.593940e-01 0
4.999998e-02 -2.593940e-01 0
4.999998e-02 -2.593940e-01 0
4.999998e-02 -2.593940e-01 0
4.999998e-02 -2.593940e-01 0
4.999998e-02 -2.593940e-01 0
4.999998e-02 -2.593940e-01 0
4.999998e-02 -2.593940e-01 0
4.999998e-02 -2.593940e-01 0
4.999998e-02 -2.593940e-01 0
4.999998e-02 -2.593940e-01 0
4.999998e-02 -2.593940e-01 0
4.999998e-02 -2.593940e-01 0
4.999998e-02 -2.593940e-01 0
4.999998e-02 -2.593940e-01 0
4.999998e-02 -2.593940e-01 0
4.999998e-02 -2.593940e-01 0
4.999998e-02 -2.593940e-01 0
4.999998e-02 -2.593940e-01 0
4.999998e-02 -2.593940e-01 0
4.999998e-02 -2.593940e-01 0
4.999998e-02 -2.593940e-01 0
4.999998e-02 -2.593940e-01 0
4.999998e-02 -2.593940e-01 0
4.999998e-02 -2.593940e-01 0
4.999998e-02 -2.593940e-01 0
4.999998e-02 -2.593940e-01 0
4.999998e-02 -2.593940e-01 0
4.999998e-02 -2.593940e-01 0
4.999998e-02 -2.593940e-01 0
4.999998e-02 -2.593940e-01 0
4.999998e-02 -2.593940e-01 0
4.999998e-02 -2.593940e-01 0
4.999998e-02 -2.593940e-01 0
4.999998e-02 -2.593940e-01 0
4.999998e-02 -2.593940e-01 0
4.999998e-02 -2.593940e-01 0
4.999998e-02 -2.593940e-01 0
4.999998e-02 -2.593940e-01 0
4.999998e-02 -2.593940e-01 0
4.999998e-02 -2.593940e-01 0
4.999998e-02 -2.593940e-01 0
4.999998e-02 -2.593940e-01 0
4.999998e-02 -2.593940e-01 0
4.999998e-02 -2.593940e-01 0
4.999998e-02 -2.593940e-01 0
4.999998e-02 -2.593940e-01 0
4.999998e-02 -2.593940e-01 0
4.999998e-02 -2.593940e-01 0
4.999998e-02 -2.593940e-01 0
4.999998e-02 -2.593940e-01 0
4.999998e-02 -2.593940e-01 0
4.999998e-02 -2.593940e-01 0
4.999998e-02 -2.593940e-01 0
4.999998e-02 -2.593940e-01 0
4.999998e-02 -2.593940e-01 0
4.999998e-02 -2.593940e-01 0
4.999998e-02 -2.593940e-01 0
4.999998e-02 -2.593940e-01 0
4.999998e-02 -2.593940e-01 0
4.999998e-02 -2.593940e-01 0
4.999998e-02 -2.593940e-01 0
4.999998e-02 -2.593940e-01 0
4.999998e-02 -2.593940e-01 0
4.999998e-02 -2.593940e-01 0
4.999998e-02 -2.593940e-01 0
4.999998e-02 -2.593940e-01 0
4.999998e-02 -2.593940e-01 0
4.999998e-02 -2.593940e-01 0
4.999998e-02 -2.593940e-01 0
4.999998e-02 -2.593940e-01 0
4.999998e-02 -2.593940e-01 0
4.999998e-02 -2.593940e-01 0
4.999998e-02 -2.593940e-01 0
4.999998e-02 -2.593940e-01 0
4.999998e-02 -2.593940e-01 0
4.999998e-02 -2.593940e-01 0
4.999998e-02 -2.593940e-01 0
4.999998e-02 -2.593940e-01 0
4.999998e-02 -2.593940e-01 0
4.999998e-02 -2.593940e-01 0
4.999998e-02 -2.593940e-01 0
4.999998e-02 -2.593940e-01 0
4.999998e-02 -2.593940e-01 0
4.999998e-02 -2.593940e-01 0
4.999998e-02 -2.593940e-01 0
4.999998e-02 -2.593940e-01 0
4.999998e-02 -2.593940e-01 0
4.999998e-02 -2.593940e-01 0
4.999998e-02 -2.593940e-01 0
4.999998e-02 -2.593940e-01 0
4.999998e-02 -2.593940e-01 0
4.999998e-02 -2.593940e-01 0
4.999998e-02 -2.593940e-01 0
4.999998e-02 -2.593940e-01 0
4.999998e-02 -2.593940e-01 0
4.999998e-02 -2.593940e-01 0
4.999998e-02 -2.593940e-01 0
4.999998e-02 -2.593940e-01 0
4.999998e-02 -2.593940e-01 0
4.999998e-02 -2.593940e-01 0
4.999998e-02 -2.593940e-01 0
4.999998e-02 -2.593940e-01 0
4.999998e-02 -2.593940e-01 0
4.999998e-02 -2.593940e-01 0
4.999998e-02 -2.593940e-01 0
4.999998e-02 -2.593940e-01 0
4.999998e-02 -2.593940e-01 0
4.999998e-02 -2.593940e-01 0
4.999998e-02 -2.593940e-01 0
4.999998e-02 -2.593940e-01 0
4.999998e-02 -2.593940e-01 0
4.999998e-02 -2.593940e-01 0
4.999998e-02 -2.593940e-01 0
4.999998e-02 -2.593940e-01 0
4.999998e-02 -2.593940e-01 0
4.999998e-02 -2.593940e-01 0
4.999998e-02 -2.593940e-01 0
4.999998e-02 -2.593940e-01 0
4.999998e-02 -2.593940e-01 0
4.999998e-02 -2.593940e-01 0
4.999998e-02 -2.593940e-01 0
4.999998e-02 -2.593940e-01 0
4.999998e-02 -2.593940e-01 0
4.999998e-02 -2.593940e-01 0
4.999998e-02 -2.593940e-01 0
4.999998e-02 -2.593940e-01 0
4.999998e-02 -2.593940e-01 0
4.999998e-02 -2.593940e-01 0
4.999998e-02 -2.593940e-01 0
4.999998e-02 -2.593940e-01 0
4.999998e-02 -2.593940e-01 0
4.999998e-02 -2.593940e-01 0
4.999998e-02 -2.593940e-01 0
4.999998e-02 -2.593940e-01 0
4.999998e-02 -2.593940e-01 0
4.999998e-02 -2.593940e-01 0
4.999998e-02 -2.593940e-01 0
4.999998e-02 -2.593940e-01 0
4.999998e-02 -2.593940e-01 0
4.999998e-02 -2.593940e-01 0
4.999998e-02 -2.593940e-01 0
4.999998e-02 -2.593940e-01 0
4.999998e-02 -2.593940e-01 0
4.999998e-02 -2.593940e-01 0
4.999998e-02 -2.593940e-01 0
4.999998e-02 -2.593940e-01 0
4.999998e-02 -2.593940e-01 0
4.999998e-02 -2.593940e-01 0
4.999998e-02 -2.593940e-01 0
4.999998e-02 -2.593940e-01 0
4.999998e-02 -2.593940e-01 0
4.999998e-02 -2.593940e-01 0
4.999998e-02 -2.593940e-01 0
4.999998e-02 -2.593940e-01 0
4.999998e-02 -2.593940e-01 0
4.999998e-02 -2.593940e-01 0
4.999998e-02 -2.593940e-01 0
4.999998e-02 -2.593940e-01 0
4.999998e-02 -2.593940e-01 0
4.999998e-02 -2.593940e-01 0
4.999998e-02 -2.593940e-01 0
4.999998e-02 -2.593940e-01 0
4.999998e-02 -2.593940e-01 0
4.999998e-02 -2.593940e-01 0
4.999998e-02 -2.593940e-01 0
4.999998e-02 -2.593940e-01 0
4.999998e-02 -2.593940e-01 0
4.999998e-02 -2.593940e-01 0
4.999998e-02 -2.593940e-01 0
4.999998e-02 -2.593940e-01 0
4.999998e-02 -2.593940e-01 0
4.999998e-02 -2.593940e-01 0
4.999998e-02 -2.593940e-01 0
4.999998e-02 -2.593940e-01 0
4.999998e-02 -2.593940e-01 0
4.999998e-02 -2.593940e-01 0
4.999998e-02 -2.593940e-01 0
4.999998e-02 -2.593940e-01 0
4.999998e-02 -2.593940e-01 0
4.999998e-02 -2.593940e-01 0
4.999998e-02 -2.593940e-01 0
4.999998e-02 -2.593940e-01 0
4.999998e-02 -2.593940e-01 0
4.999998e-02 -2.593940e-01 0
4.999998e-02 -2.593940e-01 0
4.999998e-02 -2.593940e-01 0
5.199998e-02 -2.593940e-01 1.568000e-03
5.399998e-02 -2.593940e-01 3.072000e-03
5.599998e-02 -2.593940e-01 4.512000e-03
5.799999e-02 -2.593940e-01 5.888000e-03
5.999999e-02 -2.593940e-01 7.200000e-03
6.199999e-02 -2.593940e-01 8.448000e-03
6.399999e-02 -2.593940e-01 9.632000e-03
6.599999e-02 -2.593940e-01 1.075200e-02
6.799999e-02 -2.593940e-01 1.180800e-02
6.999999e-02 -2.593940e-01 1.280000e-02
7.199999e-02 -2.593940e-01 1.372800e-02
7.399999e-02 -2.593940e-01 1.459200e-02
7.599999e-02 -2.593940e-01 1.539200e-02
7.799999e-02 -2.593940e-01 1.612800e-02
7.999999e-02 -2.593940e-01 1.680000e-02
8.199999e-02 -2.593940e-01 1.740800e-02
8.399999e-02 -2.593940e-01 1.795200e-02
8.599999e-02 -2.593940e-01 1.843200e-02
8.799999e-02 -2.593940e-01 1.884800e-02
8.999999e-02 -2.593940e-01 1.920000e-02
9.199999e-02 -2.593940e-01 1.948800e-02
9.399999e-02 -2.593940e-01 1.971200e-02
9.599999e-02 -2.593940e-01 1.987200e-02
9.799999e-02 -2.593940e-01 1.996800e-02
9.999999e-02 -2.593940e-01 2.000000e-02
1.020000e-01 -2.593940e-01 1.996800e-02
1.040000e-01 -2.593940e-01 1.987200e-02
1.060000e-01 -2.593940e-01 1.971200e-02
1.080000e-01 -2.593940e-01 1.948800e-02
1.100000e-01 -2.593940e-01 1.920000e-02
1.120000e-01 -2.593940e-01 1.884800e-02
1.140000e-01 -2.593940e-01 1.843200e-02
1.160000e-01 -2.593940e-01 1.795200e-02
1.180000e-01 -2.593940e-01 1.740800e-02
1.200000e-01 -2.593940e-01 1.680000e-02
1.220000e-01 -2.593940e-01 1.612800e-02
1.240000e-01 -2.593940e-01 1.539200e-02
1.260000e-01 -2.593940e-01 1.459200e-02
1.280000e-01 -2.593940e-01 1.372800e-02
1.300000e-01 -2.593940e-01 1.280000e-02
1.320000e-01 -2.593940e-01 1.180800e-02
1.340000e-01 -2.593940e-01 1.075200e-02
1.360000e-01 -2.593940e-01 9.632000e-03
1.380000e-01 -2.593940e-01 8.448000e-03
1.400000e-01 -2.593940e-01 7.200000e-03
1.420000e-01 -2.593940e-01 5.888000e-03
1.440000e-01 -2.593940e-01 4.512000e-03
1.460000e-01 -2.593940e-01 3.072000e-03
1.480000e-01 -2.593940e-01 1.568000e-03
1.500000e-01 -2.593940e-01 0
1.500000e-01 -2.593940e-01 0
1.500000e-01 -2.593940e-01 0
1.500000e-01 -2.593940e-01 0
1.500000e-01 -2.593940e-01 0
1.500000e-01 -2.593940e-01 0
1.500000e-01 -2.593940e-01 0
1.500000e-01 -2.593940e-01 0
1.500000e-01 -2.593940e-01 0
1.500000e-01 -2.593940e-01 0
1.500000e-01 -2.593940e-01 0
1.500000e-01 -2.593940e-01 0
1.500000e-01 -2.593940e-01 0
1.500000e-01 -2.593940e-01 0
1.500000e-01 -2.593940e-01 0
1.500000e-01 -2.593940e-01 0
1.500000e-01 -2.593940e-01 0
1.500000e-01 -2.593940e-01 0
1.500000e-01 -2.593940e-01 0
1.500000e-01 -2.593940e-01 0
1.500000e-01 -2.593940e-01 0
1.500000e-01 -2.593940e-01 0
1.500000e-01 -2.593940e-01 0
1.500000e-01 -2.593940e-01 0
1.500000e-01 -2.593940e-01 0
1.500000e-01 -2.593940e-01 0
1.500000e-01 -2.593940e-01 0
1.500000e-01 -2.593940e-01 0
1.500000e-01 -2.593940e-01 0
1.500000e-01 -2.593940e-01 0
1.500000e-01 -2.593940e-01 0
1.500000e-01 -2.593940e-01 0
1.500000e-01 -2.593940e-01 0
1.500000e-01 -2.593940e-01 0
1.500000e-01 -2.593940e-01 0
1.500000e-01 -2.593940e-01 0
1.500000e-01 -2.593940e-01 0
1.500000e-01 -2.593940e-01 0
1.500000e-01 -2.593940e-01 0
1.500000e-01 -2.593940e-01 0
1.500000e-01 -2.593940e-01 0
1.500000e-01 -2.593940e-01 0
1.500000e-01 -2.593940e-01 0
1.500000e-01 -2.593940e-01 0
1.500000e-01 -2.593940e-01 0
1.500000e-01 -2.593940e-01 0
1.500000e-01 -2.593940e-01 0
1.500000e-01 -2.593940e-01 0
1.500000e-01 -2.593940e-01 0
1.500000e-01 -2.593940e-01 0
1.500000e-01 -2.593940e-01 0
1.500000e-01 -2.593940e-01 0
1.500000e-01 -2.593940e-01 0
1.500000e-01 -2.593940e-01 0
1.500000e-01 -2.593940e-01 0
1.500000e-01 -2.593940e-01 0
1.500000e-01 -2.593940e-01 0
1.500000e-01 -2.593940e-01 0
1.500000e-01 -2.593940e-01 0
1.500000e-01 -2.593940e-01 0
1.500000e-01 -2.593940e-01 0
1.500000e-01 -2.593940e-01 0
1.500000e-01 -2.593940e-01 0
1.500000e-01 -2.593940e-01 0
1.500000e-01 -2.593940e-01 0
1.500000e-01 -2.593940e-01 0
1.500000e-01 -2.593940e-01 0
1.500000e-01 -2.593940e-01 0
1.500000e-01 -2.593940e-01 0
1.500000e-01 -2.593940e-01 0
1.500000e-01 -2.593940e-01 0
1.500000e-01 -2.593940e-01 0
1.500000e-01 -2.593940e-01 0
1.500000e-01 -2.593940e-01 0
1.500000e-01 -2.593940e-01 0
1.500000e-01 -2.593940e-01 0
1.500000e-01 -2.593940e-01 0
1.500000e-01 -2.593940e-01 0
1.500000e-01 -2.593940e-01 0
1.500000e-01 -2.593940e-01 0
1.500000e-01 -2.593940e-01 0
1.500000e-01 -2.593940e-01 0
1.500000e-01 -2.593940e-01 0
1.500000e-01 -2.593940e-01 0
1.500000e-01 -2.593940e-01 0
1.500000e-01 -2.593940e-01 0
1.500000e-01 -2.593940e-01 0
1.500000e-01 -2.593940e-01 0
1.500000e-01 -2.593940e-01 0
1.500000e-01 -2.593940e-01 0
1.500000e-01 -2.593940e-01 0
1.500000e-01 -2.593940e-01 0
1.500000e-01 -2.593940e-01 0
1.500000e-01 -2.593940e-01 0
1.500000e-01 -2.593940e-01 0
1.500000e-01 -2.593940e-01 0
1.500000e-01 -2.593940e-01 0
1.500000e-01 -2.593940e-01 0
1.500000e-01 -2.593940e-01 0
1.500000e-01 -2.593940e-01 0
1.500000e-01 -2.593940e-01 0
1.500000e-01 -2.593940e-01 0
1.500000e-01 -2.593940e-01 0
1.500000e-01 -2.593940e-01 0
1.500000e-01 -2.593940e-01 0
1.500000e-01 -2.593940e-01 0
1.500000e-01 -2.593940e-01 0
1.500000e-01 -2.593940e-01 0
1.500000e-01 -2.593940e-01 0
1.500000e-01 -2.593940e-01 0
1.500000e-01 -2.593940e-01 0
1.500000e-01 -2.593940e-01 0
1.500000e-01 -2.593940e-01 0
1.500000e-01 -2.593940e-01 0
1.500000e-01 -2.593940e-01 0
1.500000e-01 -2.593940e-01 0
1.500000e-01 -2.593940e-01 0
1.500000e-01 -2.593940e-01 0
1.500000e-01 -2.593940e-01 0
1.500000e-01 -2.593940e-01 0
1.500000e-01 -2.593940e-01 0
1.500000e-01 -2.593940e-01 0
1.500000e-01 -2.593940e-01 0
1.500000e-01 -2.593940e-01 0
1.500000e-01 -2.593940e-01 0
1.500000e-01 -2.593940e-01 0
1.500000e-01 -2.593940e-01 0
1.500000e-01 -2.593940e-01 0
1.500000e-01 -2.593940e-01 0
1.500000e-01 -2.593940e-01 0
1.500000e-01 -2.593940e-01 0
1.500000e-01 -2.593940e-01 0
1.500000e-01 -2.593940e-01 0
1.500000e-01 -2.593940e-01 0
1.500000e-01 -2.593940e-01 0
1.500000e-01 -2.593940e-01 0
1.500000e-01 -2.593940e-01 0
1.500000e-01 -2.593940e-01 0
1.500000e-01 -2.593940e-01 0
1.500000e-01 -2.593940e-01 0
1.500000e-01 -2.593940e-01 0
1.500000e-01 -2.593940e-01 0
1.500000e-01 -2.593940e-01 0
1.500000e-01 -2.593940e-01 0
1.500000e-01 -2.593940e-01 0
1.500000e-01 -2.593940e-01 0
1.500000e-01 -2.593940e-01 0
1.500000e-01 -2.593940e-01 0
1.500000e-01 -2.593940e-01 0
1.500000e-01 -2.593940e-01 0
1.500000e-01 -2.593940e-01 0
1.500000e-01 -2.593940e-01 0
1.500000e-01 -2.593940e-01 0
1.500000e-01 -2.593940e-01 0
1.500000e-01 -2.593940e-01 0
1.500000e-01 -2.593940e-01 0
1.500000e-01 -2.593940e-01 0
1.500000e-01 -2.593940e-01 0
1.500000e-01 -2.593940e-01 0
1.500000e-01 -2.593940e-01 0
1.500000e-01 -2.593940e-01 0
1.500000e-01 -2.593940e-01 0
1.500000e-01 -2.593940e-01 0
1.500000e-01 -2.593940e-01 0
1.500000e-01 -2.593940e-01 0
1.500000e-01 -2.593940e-01 0
1.500000e-01 -2.593940e-01 0
1.500000e-01 -2.593940e-01 0
1.500000e-01 -2.593940e-01 0
1.500000e-01 -2.593940e-01 0
1.500000e-01 -2.593940e-01 0
1.500000e-01 -2.593940e-01 0
1.500000e-01 -2.593940e-01 0
1.500000e-01 -2.593940e-01 0
1.500000e-01 -2.593940e-01 0
1.500000e-01 -2.593940e-01 0
1.500000e-01 -2.593940e-01 0
1.500000e-01 -2.593940e-01 0
1.500000e-01 -2.593940e-01 0
1.500000e-01 -2.593940e-01 0
1.500000e-01 -2.593940e-01 0
1.500000e-01 -2.593940e-01 0
1.500000e-01 -2.593940e-01 0
1.500000e-01 -2.593940e-01 0
1.500000e-01 -2.593940e-01 0
1.500000e-01 -2.593940e-01 0
1.500000e-01 -2.593940e-01 0
1.500000e-01 -2.593940e-01 0
1.500000e-01 -2.593940e-01 0
1.500000e-01 -2.593940e-01 0
1.500000e-01 -2.593940e-01 0
1.500000e-01 -2.593940e-01 0
1.500000e-01 -2.593940e-01 0
1.500000e-01 -2.593940e-01 0
1.500000e-01 -2.593940e-01 0
1.500000e-01 -2.593940e-01 0
1.500000e-01 -2.593940e-01 0
1.500000e-01 -2.593940e-01 0
1.500000e-01 -2.593940e-01 0
1.500000e-01 -2.593940e-01 0
1.500000e-01 -2.593940e-01 0
1.500000e-01 -2.593940e-01 0
1.500000e-01 -2.593940e-01 0
1.500000e-01 -2.593940e-01 0
1.500000e-01 -2.593940e-01 0
1.500000e-01 -2.593940e-01 0
1.500000e-01 -2.593940e-01 0
1.500000e-01 -2.593940e-01 0
1.500000e-01 -2.593940e-01 0
1.500000e-01 -2.593940e-01 0
1.500000e-01 -2.593940e-01 0
1.500000e-01 -2.593940e-01 0
1.500000e-01 -2.593940e-01 0
1.500000e-01 -2.593940e-01 0
1.500000e-01 -2.593940e-01 0
1.500000e-01 -2.593940e-01 0
1.500000e-01 -2.593940e-01 0
1.500000e-01 -2.593940e-01 0
1.500000e-01 -2.593940e-01 0
1.500000e-01 -2.593940e-01 0
1.500000e-01 -2.593940e-01 0
1.500000e-01 -2.593940e-01 0
1.500000e-01 -2.593940e-01 0
1.500000e-01 -2.593940e-01 0
1.500000e-01 -2.593940e-01 0
1.500000e-01 -2.593940e-01 0
1.500000e-01 -2.593940e-01 0
1.500000e-01 -2.593940e-01 0
1.500000e-01 -2.593940e-01 0
1.500000e-01 -2.593940e-01 0
1.500000e-01 -2.593940e-01 0
1.500000e-01 -2.593940e-01 0
1.500000e-01 -2.593940e-01 0
1.500000e-01 -2.593940e-01 0
1.500000e-01 -2.593940e-01 0
1.500000e-01 -2.593940e-01 0
1.500000e-01 -2.593940e-01 0
1.500000e-01 -2.593940e-01 0
1.500000e-01 -2.593940e-01 0
1.500000e-01 -2.593940e-01 0
1.500000e-01 -2.593940e-01 0
1.500000e-01 -2.593940e-01 0
1.500000e-01 -2.593940e-01 0
1.500000e-01 -2.593940e-01 0
1.500000e-01 -2.593940e-01 0
1.500000e-01 -2.593940e-01 0
1.500000e-01 -2.593940e-01 0
1.500000e-01 -2.593940e-01 0
1.500000e-01 -2.593940e-01 0
1.500000e-01 -2.593940e-01 0
1.500000e-01 -2.593940e-01 0
1.500000e-01 -2.593940e-01 0
1.500000e-01 -2.593940e-01 0
1.500000e-01 -2.593940e-01 0
1.500000e-01 -2.593940e-01 0
1.500000e-01 -2.593940e-01 0
1.500000e-01 -2.593940e-01 0
1.500000e-01 -2.593940e-01 0
1.500000e-01 -2.593940e-01 0
1.500000e-01 -2.593940e-01 0
1.500000e-01 -2.593940e-01 0
1.500000e-01 -2.593940e-01 0
1.500000e-01 -2.593940e-01 0
1.500000e-01 -2.593940e-01 0
1.500000e-01 -2.593940e-01 0
1.500000e-01 -2.593940e-01 0
1.500000e-01 -2.593940e-01 0
1.500000e-01 -2.593940e-01 0
1.500000e-01 -2.593940e-01 0
1.500000e-01 -2.593940e-01 0
1.500000e-01 -2.593940e-01 0
1.500000e-01 -2.593940e-01 0
1.500000e-01 -2.593940e-01 0
1.500000e-01 -2.593940e-01 0
1.500000e-01 -2.593940e-01 0
1.500000e-01 -2.593940e-01 0
1.500000e-01 -2.593940e-01 0
1.500000e-01 -2.593940e-01 0
1.500000e-01 -2.593940e-01 0
1.500000e-01 -2.593940e-01 0
1.500000e-01 -2.593940e-01 0
1.500000e-01 -2.593940e-01 0
1.500000e-01 -2.593940e-01 0
1.500000e-01 -2.593940e-01 0
1.500000e-01 -2.593940e-01 0
1.500000e-01 -2.593940e-01 0
1.500000e-01 -2.593940e-01 0
1.500000e-01 -2.593940e-01 0
1.500000e-01 -2.593940e-01 0
1.500000e-01 -2.593940e-01 0
1.500000e-01 -2.593940e-01 0
1.500000e-01 -2.593940e-01 0
1.500000e-01 -2.593940e-01 0
1.500000e-01 -2.593940e-01 0
1.500000e-01 -2.593940e-01 0
1.500000e-01 -2.593940e-01 0
1.500000e-01 -2.593940e-01 0
1.500000e-01 -2.593940e-01 0
1.500000e-01 -2.593940e-01 0
1.500000e-01 -2.593940e-01 0
1.500000e-01 -2.593940e-01 0
1.500000e-01 -2.593940e-01 0
1.500000e-01 -2.593940e-01 0
1.500000e-01 -2.593940e-01 0
1.500000e-01 -2.593940e-01 0
1.500000e-01 -2.593940e-01 0
1.500000e-01 -2.593940e-01 0
1.500000e-01 -2.593940e-01 0
1.500000e-01 -2.593940e-01 0
1.500000e-01 -2.593940e-01 0
1.500000e-01 -2.593940e-01 0
1.500000e-01 -2.593940e-01 0
1.500000e-01 -2.593940e-01 0
1.500000e-01 -2.593940e-01 0
1.500000e-01 -2.593940e-01 0
1.500000e-01 -2.593940e-01 0
1.500000e-01 -2.593940e-01 0
1.500000e-01 -2.593940e-01 0
1.500000e-01 -2.593940e-01 0
1.500000e-01 -2.593940e-01 0
1.500000e-01 -2.593940e-01 0
1.500000e-01 -2.593940e-01 0
1.500000e-01 -2.593940e-01 0
1.500000e-01 -2.593940e-01 0
1.500000e-01 -2.593940e-01 0
1.500000e-01 -2.593940e-01 0
1.500000e-01 -2.593940e-01 0
1.500000e-01 -2.593940e-01 0
1.500000e-01 -2.593940e-01 0
1.500000e-01 -2.593940e-01 0
1.500000e-01 -2.593940e-01 0
1.500000e-01 -2.593940e-01 0
1.500000e-01 -2.593940e-01 0
1.500000e-01 -2.593940e-01 0
1.500000e-01 -2.593940e-01 0
1.500000e-01 -2.593940e-01 0
1.500000e-01 -2.593940e-01 0
1.500000e-01 -2.593940e-01 0
1.500000e-01 -2.593940e-01 0
1.500000e-01 -2.593940e-01 0
1.500000e-01 -2.593940e-01 0
1.500000e-01 -2.593940e-01 0
1.500000e-01 -2.593940e-01 0
1.500000e-01 -2.593940e-01 0
1.500000e-01 -2.593940e-01 0
1.500000e-01 -2.593940e-01 0
1.500000e-01 -2.593940e-01 0
1.500000e-01 -2.593940e-01 0
1.500000e-01 -2.593940e-01 0
1.500000e-01 -2.593940e-01 0
1.500000e-01 -2.593940e-01 0
1.520000e-01 -2.593940e-01 1.568000e-03
1.540000e-01 -2.593940e-01 3.072000e-03
1.560000e-01 -2.593940e-01 4.512000e-03
1.580000e-01 -2.593940e-01 5.888000e-03
1.600000e-01 -2.593940e-01 7.200000e-03
1.620000e-01 -2.593940e-01 8.448000e-03
1.640000e-01 -2.593940e-01 9.632000e-03
1.660000e-01 -2.593940e-01 1.075200e-02
1.680000e-01 -2.593940e-01 1.180800e-02
1.700000e-01 -2.593940e-01 1.280000e-02
1.720000e-01 -2.593940e-01 1.372800e-02
1.740000e-01 -2.593940e-01 1.459200e-02
1.760000e-01 -2.593940e-01 1.539200e-02
1.780000e-01 -2.593940e-01 1.612800e-02
1.800000e-01 -2.593940e-01 1.680000e-02
1.820000e-01 -2.593940e-01 1.740800e-02
1.840000e-01 -2.593940e-01 1.795200e-02
1.860000e-01 -2.593940e-01 1.843200e-02
1.880000e-01 -2.593940e-01 1.884800e-02
1.900000e-01 -2.593940e-01 1.920000e-02
1.920000e-01 -2.593940e-01 1.948800e-02
1.940000e-01 -2.593940e-01 1.971200e-02
1.960000e-01 -2.593940e-01 1.987200e-02
1.980000e-01 -2.593940e-01 1.996800e-02
2.000000e-01 -2.593940e-01 2.000000e-02
2.020000e-01 -2.593940e-01 1.996800e-02
2.040000e-01 -2.593940e-01 1.987200e-02
2.060000e-01 -2.593940e-01 1.971200e-02
2.080000e-01 -2.593940e-01 1.948800e-02
2.100000e-01 -2.593940e-01 1.920000e-02
2.120000e-01 -2.593940e-01 1.884800e-02
2.140000e-01 -2.593940e-01 1.843200e-02
2.160000e-01 -2.593940e-01 1.795200e-02
2.180000e-01 -2.593940e-01 1.740800e-02
2.200000e-01 -2.593940e-01 1.680000e-02
2.220000e-01 -2.593940e-01 1.612800e-02
2.240000e-01 -2.593940e-01 1.539200e-02
2.260000e-01 -2.593940e-01 1.459200e-02
2.280000e-01 -2.593940e-01 1.372800e-02
2.300000e-01 -2.593940e-01 1.280000e-02
2.320000e-01 -2.593940e-01 1.180800e-02
2.340000e-01 -2.593940e-01 1.075200e-02
2.360000e-01 -2.593940e-01 9.632000e-03
2.380000e-01 -2.593940e-01 8.448000e-03
2.400000e-01 -2.593940e-01 7.200000e-03
2.420000e-01 -2.593940e-01 5.888000e-03
2.440000e-01 -2.593940e-01 4.512000e-03
2.460000e-01 -2.593940e-01 3.072000e-03
2.480000e-01 -2.593940e-01 1.568000e-03
2.500000e-01 -2.593940e-01 0
2.500000e-01 -2.593940e-01 0
2.500000e-01 -2.593940e-01 0
2.500000e-01 -2.593940e-01 0
2.500000e-01 -2.593940e-01 0
2.500000e-01 -2.593940e-01 0
2.500000e-01 -2.593940e-01 0
2.500000e-01 -2.593940e-01 0
2.500000e-01 -2.593940e-01 0
2.500000e-01 -2.593940e-01 0
2.500000e-01 -2.593940e-01 0
2.500000e-01 -2.593940e-01 0
2.500000e-01 -2.593940e-01 0
2.500000e-01 -2.593940e-01 0
2.500000e-01 -2.593940e-01 0
2.500000e-01 -2.593940e-01 0
2.500000e-01 -2.593940e-01 0
2.500000e-01 -2.593940e-01 0
2.500000e-01 -2.593940e-01 0
2.500000e-01 -2.593940e-01 0
2.500000e-01 -2.593940e-01 0
2.500000e-01 -2.593940e-01 0
2.500000e-01 -2.593940e-01 0
2.500000e-01 -2.593940e-01 0
2.500000e-01 -2.593940e-01 0
2.500000e-01 -2.593940e-01 0
2.500000e-01 -2.593940e-01 0
2.500000e-01 -2.593940e-01 0
2.500000e-01 -2.593940e-01 0
2.500000e-01 -2.593940e-01 0
2.500000e-01 -2.593940e-01 0
2.500000e-01 -2.593940e-01 0
2.500000e-01 -2.593940e-01 0
2.500000e-01 -2.593940e-01 0
2.500000e-01 -2.593940e-01 0
2.500000e-01 -2.593940e-01 0
2.500000e-01 -2.593940e-01 0
2.500000e-01 -2.593940e-01 0
2.500000e-01 -2.593940e-01 0
2.500000e-01 -2.593940e-01 0
2.500000e-01 -2.593940e-01 0
2.500000e-01 -2.593940e-01 0
2.500000e-01 -2.593940e-01 0
2.500000e-01 -2.593940e-01 0
2.500000e-01 -2.593940e-01 0
2.500000e-01 -2.593940e-01 0
2.500000e-01 -2.593940e-01 0
2.500000e-01 -2.593940e-01 0
2.500000e-01 -2.593940e-01 0
2.500000e-01 -2.593940e-01 0
2.500000e-01 -2.593940e-01 0
2.500000e-01 -2.593940e-01 0
2.500000e-01 -2.593940e-01 0
2.500000e-01 -2.593940e-01 0
2.500000e-01 -2.593940e-01 0
2.500000e-01 -2.593940e-01 0
2.500000e-01 -2.593940e-01 0
2.500000e-01 -2.593940e-01 0
2.500000e-01 -2.593940e-01 0
2.500000e-01 -2.593940e-01 0
2.500000e-01 -2.593940e-01 0
2.500000e-01 -2.593940e-01 0
2.500000e-01 -2.593940e-01 0
2.500000e-01 -2.593940e-01 0
2.500000e-01 -2.593940e-01 0
2.500000e-01 -2.593940e-01 0
2.500000e-01 -2.593940e-01 0
2.500000e-01 -2.593940e-01 0
2.500000e-01 -2.593940e-01 0
2.500000e-01 -2.593940e-01 0
2.500000e-01 -2.593940e-01 0
2.500000e-01 -2.593940e-01 0
2.500000e-01 -2.593940e-01 0
2.500000e-01 -2.593940e-01 0
2.500000e-01 -2.593940e-01 0
2.500000e-01 -2.593940e-01 0
2.500000e-01 -2.593940e-01 0
2.500000e-01 -2.593940e-01 0
2.500000e-01 -2.593940e-01 0
2.500000e-01 -2.593940e-01 0
2.500000e-01 -2.593940e-01 0
2.500000e-01 -2.593940e-01 0
2.500000e-01 -2.593940e-01 0
2.500000e-01 -2.593940e-01 0
2.500000e-01 -2.593940e-01 0
2.500000e-01 -2.593940e-01 0
2.500000e-01 -2.593940e-01 0
2.500000e-01 -2.593940e-01 0
2.500000e-01 -2.593940e-01 0
2.500000e-01 -2.593940e-01 0
2.500000e-01 -2.593940e-01 0
2.500000e-01 -2.593940e-01 0
2.500000e-01 -2.593940e-01 0
2.500000e-01 -2.593940e-01 0
2.500000e-01 -2.593940e-01 0
2.500000e-01 -2.593940e-01 0
2.500000e-01 -2.593940e-01 0
2.500000e-01 -2.593940e-01 0
2.500000e-01 -2.593940e-01 0
2.500000e-01 -2.593940e-01 0
2.500000e-01 -2.593940e-01 0
2.500000e-01 -2.593940e-01 0
2.500000e-01 -2.593940e-01 0
2.500000e-01 -2.593940e-01 0
2.500000e-01 -2.593940e-01 0
2.500000e-01 -2.593940e-01 0
2.500000e-01 -2.593940e-01 0
2.500000e-01 -2.593940e-01 0
2.500000e-01 -2.593940e-01 0
2.500000e-01 -2.593940e-01 0
2.500000e-01 -2.593940e-01 0
2.500000e-01 -2.593940e-01 0
2.500000e-01 -2.593940e-01 0
2.500000e-01 -2.593940e-01 0
2.500000e-01 -2.593940e-01 0
2.500000e-01 -2.593940e-01 0
2.500000e-01 -2.593940e-01 0
2.500000e-01 -2.593940e-01 0
2.500000e-01 -2.593940e-01 0
2.500000e-01 -2.593940e-01 0
2.500000e-01 -2.593940e-01 0
2.500000e-01 -2.593940e-01 0
2.500000e-01 -2.593940e-01 0
2.500000e-01 -2.593940e-01 0
2.500000e-01 -2.593940e-01 0
2.500000e-01 -2.593940e-01 0
2.500000e-01 -2.593940e-01 0
2.500000e-01 -2.593940e-01 0
2.500000e-01 -2.593940e-01 0
2.500000e-01 -2.593940e-01 0
2.500000e-01 -2.593940e-01 0
2.500000e-01 -2.593940e-01 0
2.500000e-01 -2.593940e-01 0
2.500000e-01 -2.593940e-01 0
2.500000e-01 -2.593940e-01 0
2.500000e-01 -2.593940e-01 0
2.500000e-01 -2.593940e-01 0
2.500000e-01 -2.593940e-01 0
2.500000e-01 -2.593940e-01 0
2.500000e-01 -2.593940e-01 0
2.500000e-01 -2.593940e-01 0
2.500000e-01 -2.593940e-01 0
2.500000e-01 -2.593940e-01 0
2.500000e-01 -2.593940e-01 0
2.500000e-01 -2.593940e-01 0
2.500000e-01 -2.593940e-01 0
2.500000e-01 -2.593940e-01 0
2.500000e-01 -2.593940e-01 0
2.500000e-01 -2.593940e-01 0
2.500000e-01 -2.593940e-01 0
2.500000e-01 -2.593940e-01 0
2.500000e-01 -2.593940e-01 0
2.500000e-01 -2.593940e-01 0
2.500000e-01 -2.593940e-01 0
2.500000e-01 -2.593940e-01 0
2.500000e-01 -2.593940e-01 0
2.500000e-01 -2.593940e-01 0
2.500000e-01 -2.593940e-01 0
2.500000e-01 -2.593940e-01 0
2.500000e-01 -2.593940e-01 0
2.500000e-01 -2.593940e-01 0
2.500000e-01 -2.593940e-01 0
2.500000e-01 -2.593940e-01 0
2.500000e-01 -2.593940e-01 0
2.500000e-01 -2.593940e-01 0
2.500000e-01 -2.593940e-01 0
2.500000e-01 -2.593940e-01 0
2.500000e-01 -2.593940e-01 0
2.500000e-01 -2.593940e-01 0
2.500000e-01 -2.593940e-01 0
2.500000e-01 -2.593940e-01 0
2.500000e-01 -2.593940e-01 0
2.500000e-01 -2.593940e-01 0
2.500000e-01 -2.593940e-01 0
2.500000e-01 -2.593940e-01 0
2.500000e-01 -2.593940e-01 0
2.500000e-01 -2.593940e-01 0
2.500000e-01 -2.593940e-01 0
2.500000e-01 -2.593940e-01 0
2.500000e-01 -2.593940e-01 0
2.500000e-01 -2.593940e-01 0
2.500000e-01 -2.593940e-01 0
2.500000e-01 -2.593940e-01 0
2.500000e-01 -2.593940e-01 0
2.500000e-01 -2.593940e-01 0
2.500000e-01 -2.593940e-01 0
2.500000e-01 -2.593940e-01 0
2.500000e-01 -2.593940e-01 0
2.500000e-01 -2.593940e-01 0
2.500000e-01 -2.593940e-01 0
2.500000e-01 -2.593940e-01 0
2.500000e-01 -2.593940e-01 0
2.500000e-01 -2.593940e-01 0
2.500000e-01 -2.593940e-01 0
2.500000e-01 -2.593940e-01 0
2.500000e-01 -2.593940e-01 0
2.500000e-01 -2.593940e-01 0
2.500000e-01 -2.593940e-01 0
2.500000e-01 -2.593940e-01 0
2.500000e-01 -2.593940e-01 0
2.500000e-01 -2.593940e-01 0
2.500000e-01 -2.593940e-01 0
2.500000e-01 -2.593940e-01 0
2.500000e-01 -2.593940e-01 0
2.500000e-01 -2.593940e-01 0
2.500000e-01 -2.593940e-01 0
2.500000e-01 -2.593940e-01 0
2.500000e-01 -2.593940e-01 0
2.500000e-01 -2.593940e-01 0
2.500000e-01 -2.593940e-01 0
2.500000e-01 -2.593940e-01 0
2.500000e-01 -2.593940e-01 0
2.500000e-01 -2.593940e-01 0
2.500000e-01 -2.593940e-01 0
2.500000e-01 -2.593940e-01 0
2.500000e-01 -2.593940e-01 0
2.500000e-01 -2.593940e-01 0
2.500000e-01 -2.593940e-01 0
2.500000e-01 -2.593940e-01 0
2.500000e-01 -2.593940e-01 0
2.500000e-01 -2.593940e-01 0
2.500000e-01 -2.593940e-01 0
2.500000e-01 -2.593940e-01 0
2.500000e-01 -2.593940e-01 0
2.500000e-01 -2.593940e-01 0
2.500000e-01 -2.593940e-01 0
2.500000e-01 -2.593940e-01 0
2.500000e-01 -2.593940e-01 0
2.500000e-01 -2.593940e-01 0
2.500000e-01 -2.593940e-01 0
2.500000e-01 -2.593940e-01 0
2.500000e-01 -2.593940e-01 0
2.500000e-01 -2.593940e-01 0
2.500000e-01 -2.593940e-01 0
2.500000e-01 -2.593940e-01 0
2.500000e-01 -2.593940e-01 0
2.500000e-01 -2.593940e-01 0
2.500000e-01 -2.593940e-01 0
2.500000e-01 -2.593940e-01 0
2.500000e-01 -2.593940e-01 0
2.500000e-01 -2.593940e-01 0
2.500000e-01 -2.593940e-01 0
2.500000e-01 -2.593940e-01 0
2.500000e-01 -2.593940e-01 0
2.500000e-01 -2.593940e-01 0
2.500000e-01 -2.593940e-01 0
2.500000e-01 -2.593940e-01 0
2.500000e-01 -2.593940e-01 0
2.500000e-01 -2.593940e-01 0
2.500000e-01 -2.593940e-01 0
2.500000e-01 -2.593940e-01 0
2.500000e-01 -2.593940e-01 0
2.500000e-01 -2.593940e-01 0
2.500000e-01 -2.593940e-01 0
2.500000e-01 -2.593940e-01 0
2.500000e-01 -2.593940e-01 0
2.500000e-01 -2.593940e-01 0
2.500000e-01 -2.593940e-01 0
2.500000e-01 -2.593940e-01 0
2.500000e-01 -2.593940e-01 0
2.500000e-01 -2.593940e-01 0
2.500000e-01 -2.593940e-01 0
2.500000e-01 -2.593940e-01 0
2.500000e-01 -2.593940e-01 0
2.500000e-01 -2.593940e-01 0
2.500000e-01 -2.593940e-01 0
2.500000e-01 -2.593940e-01 0
2.500000e-01 -2.593940e-01 0
2.500000e-01 -2.593940e-01 0
2.500000e-01 -2.593940e-01 0
2.500000e-01 -2.593940e-01 0
2.500000e-01 -2.593940e-01 0
2.500000e-01 -2.593940e-01 0
2.500000e-01 -2.593940e-01 0
2.500000e-01 -2.593940e-01 0
2.500000e-01 -2.593940e-01 0
2.500000e-01 -2.593940e-01 0
2.500000e-01 -2.593940e-01 0
2.500000e-01 -2.593940e-01 0
2.500000e-01 -2.593940e-01 0
2.500000e-01 -2.593940e-01 0
2.500000e-01 -2.593940e-01 0
2.500000e-01 -2.593940e-01 0
2.500000e-01 -2.593940e-01 0
2.500000e-01 -2.593940e-01 0
2.500000e-01 -2.593940e-01 0
2.500000e-01 -2.593940e-01 0
2.500000e-01 -2.593940e-01 0
2.500000e-01 -2.593940e-01 0
2.500000e-01 -2.593940e-01 0
2.500000e-01 -2.593940e-01 0
2.500000e-01 -2.593940e-01 0
2.500000e-01 -2.593940e-01 0
2.500000e-01 -2.593940e-01 0
2.500000e-01 -2.593940e-01 0
2.500000e-01 -2.593940e-01 0
2.500000e-01 -2.593940e-01 0
2.500000e-01 -2.593940e-01 0
2.500000e-01 -2.593940e-01 0
2.500000e-01 -2.593940e-01 0
2.500000e-01 -2.593940e-01 0
2.500000e-01 -2.593940e-01 0
2.500000e-01 -2.593940e-01 0
2.500000e-01 -2.593940e-01 0
2.500000e-01 -2.593940e-01 0
2.500000e-01 -2.593940e-01 0
2.500000e-01 -2.593940e-01 0
2.500000e-01 -2.593940e-01 0
2.500000e-01 -2.593940e-01 0
2.500000e-01 -2.593940e-01 0
2.500000e-01 -2.593940e-01 0
2.500000e-01 -2.593940e-01 0
2.500000e-01 -2.593940e-01 0
2.500000e-01 -2.593940e-01 0
2.500000e-01 -2.593940e-01 0
2.500000e-01 -2.593940e-01 0
2.500000e-01 -2.593940e-01 0
2.500000e-01 -2.593940e-01 0
2.500000e-01 -2.593940e-01 0
2.500000e-01 -2.593940e-01 0
2.500000e-01 -2.593940e-01 0
2.500000e-01 -2.593940e-01 0
2.500000e-01 -2.593940e-01 0
2.500000e-01 -2.593940e-01 0
2.500000e-01 -2.593940e-01 0
2.500000e-01 -2.593940e-01 0
2.500000e-01 -2.593940e-01 0
2.500000e-01 -2.593940e-01 0
2.500000e-01 -2.593940e-01 0
2.500000e-01 -2.593940e-01 0
2.500000e-01 -2.593940e-01 0
2.500000e-01 -2.593940e-01 0
2.500000e-01 -2.593940e-01 0
2.500000e-01 -2.593940e-01 0
2.500000e-01 -2.593940e-01 0
2.500000e-01 -2.593940e-01 0
2.500000e-01 -2.593940e-01 0
2.500000e-01 -2.593940e-01 0
2.500000e-01 -2.593940e-01 0
2.500000e-01 -2.593940e-01 0
2.500000e-01 -2.593940e-01 0
2.500000e-01 -2.593940e-01 0
2.500000e-01 -2.593940e-01 0
2.500000e-01 -2.593940e-01 0
2.500000e-01 -2.593940e-01 0
2.500000e-01 -2.593940e-01 0
2.500000e-01 -2.593940e-01 0
2.500000e-01 -2.593940e-01 0
2.500000e-01 -2.593940e-01 0
2.500000e-01 -2.593940e-01 0
2.500000e-01 -2.593940e-01 0
2.520000e-01 -2.593940e-01 1.568000e-03
2.540000e-01 -2.593940e-01 3.072000e-03
2.560000e-01 -2.593940e-01 4.512000e-03
2.580000e-01 -2.593940e-01 5.888000e-03
2.600000e-01 -2.593940e-01 7.200000e-03
2.620000e-01 -2.593940e-01 8.448000e-03
2.640000e-01 -2.593940e-01 9.632000e-03
2.660000e-01 -2.593940e-01 1.075200e-02
2.680000e-01 -2.593940e-01 1.180800e-02
2.700000e-01 -2.593940e-01 1.280000e-02
2.720000e-01 -2.593940e-01 1.372800e-02
2.740000e-01 -2.593940e-01 1.459200e-02
2.760000e-01 -2.593940e-01 1.539200e-02
2.780000e-01 -2.593940e-01 1.612800e-02
2.800000e-01 -2.593940e-01 1.680000e-02
2.820000e-01 -2.593940e-01 1.740800e-02
2.840000e-01 -2.593940e-01 1.795200e-02
2.860000e-01 -2.593940e-01 1.843200e-02
2.880000e-01 -2.593940e-01 1.884800e-02
2.900000e-01 -2.593940e-01 1.920000e-02
2.920000e-01 -2.593940e-01 1.948800e-02
2.940000e-01 -2.593940e-01 1.971200e-02
2.960000e-01 -2.593940e-01 1.987200e-02
2.980000e-01 -2.593940e-01 1.996800e-02
3.000000e-01 -2.593940e-01 2.000000e-02
3.020000e-01 -2.593940e-01 1.996800e-02
3.040000e-01 -2.593940e-01 1.987200e-02
3.060000e-01 -2.593940e-01 1.971200e-02
3.080000e-01 -2.593940e-01 1.948800e-02
3.100000e-01 -2.593940e-01 1.920000e-02
3.120000e-01 -2.593940e-01 1.884800e-02
3.140000e-01 -2.593940e-01 1.843200e-02
3.160000e-01 -2.593940e-01 1.795200e-02
3.180000e-01 -2.593940e-01 1.740800e-02
3.200000e-01 -2.593940e-01 1.680000e-02
3.220000e-01 -2.593940e-01 1.612800e-02
3.240000e-01 -2.593940e-01 1.539200e-02
3.260000e-01 -2.593940e-01 1.459200e-02
3.280000e-01 -2.593940e-01 1.372800e-02
3.300000e-01 -2.593940e-01 1.280000e-02
3.320000e-01 -2.593940e-01 1.180800e-02
3.340000e-01 -2.593940e-01 1.075200e-02
3.360000e-01 -2.593940e-01 9.632000e-03
3.380000e-01 -2.593940e-01 8.448000e-03
3.400000e-01 -2.593940e-01 7.200000e-03
3.420000e-01 -2.593940e-01 5.888000e-03
3.440000e-01 -2.593940e-01 4.512000e-03
3.460000e-01 -2.593940e-01 3.072000e-03
3.480000e-01 -2.593940e-01 1.568000e-03
3.500000e-01 -2.593940e-01 0
3.500000e-01 -2.593940e-01 0
3.500000e-01 -2.593940e-01 0
3.500000e-01 -2.593940e-01 0
3.500000e-01 -2.593940e-01 0
3.500000e-01 -2.593940e-01 0
3.500000e-01 -2.593940e-01 0
3.500000e-01 -2.593940e-01 0
3.500000e-01 -2.593940e-01 0
3.500000e-01 -2.593940e-01 0
3.500000e-01 -2.593940e-01 0
3.500000e-01 -2.593940e-01 0
3.500000e-01 -2.593940e-01 0
3.500000e-01 -2.593940e-01 0
3.500000e-01 -2.593940e-01 0
3.500000e-01 -2.593940e-01 0
3.500000e-01 -2.593940e-01 0
3.500000e-01 -2.593940e-01 0
3.500000e-01 -2.593940e-01 0
3.500000e-01 -2.593940e-01 0
3.500000e-01 -2.593940e-01 0
3.500000e-01 -2.593940e-01 0
3.500000e-01 -2.593940e-01 0
3.500000e-01 -2.593940e-01 0
3.500000e-01 -2.593940e-01 0
3.500000e-01 -2.593940e-01 0
3.500000e-01 -2.593940e-01 0
3.500000e-01 -2.593940e-01 0
3.500000e-01 -2.593940e-01 0
3.500000e-01 -2.593940e-01 0
3.500000e-01 -2.593940e-01 0
3.500000e-01 -2.593940e-01 0
3.500000e-01 -2.593940e-01 0
3.500000e-01 -2.593940e-01 0
3.500000e-01 -2.593940e-01 0
3.500000e-01 -2.593940e-01 0
3.500000e-01 -2.593940e-01 0
3.500000e-01 -2.593940e-01 0
3.500000e-01 -2.593940e-01 0
3.500000e-01 -2.593940e-01 0
3.500000e-01 -2.593940e-01 0
3.500000e-01 -2.593940e-01 0
3.500000e-01 -2.593940e-01 0
3.500000e-01 -2.593940e-01 0
3.500000e-01 -2.593940e-01 0
3.500000e-01 -2.593940e-01 0
3.500000e-01 -2.593940e-01 0
3.500000e-01 -2.593940e-01 0
3.500000e-01 -2.593940e-01 0
3.500000e-01 -2.593940e-01 0
3.500000e-01 -2.593940e-01 0
3.500000e-01 -2.593940e-01 0
3.500000e-01 -2.593940e-01 0
3.500000e-01 -2.593940e-01 0
3.500000e-01 -2.593940e-01 0
3.500000e-01 -2.593940e-01 0
3.500000e-01 -2.593940e-01 0
3.500000e-01 -2.593940e-01 0
3.500000e-01 -2.593940e-01 0
3.500000e-01 -2.593940e-01 0
3.500000e-01 -2.593940e-01 0
3.500000e-01 -2.593940e-01 0
3.500000e-01 -2.593940e-01 0
3.500000e-01 -2.593940e-01 0
3.500000e-01 -2.593940e-01 0
3.500000e-01 -2.593940e-01 0
3.500000e-01 -2.593940e-01 0
3.500000e-01 -2.593940e-01 0
3.500000e-01 -2.593940e-01 0
3.500000e-01 -2.593940e-01 0
3.500000e-01 -2.593940e-01 0
3.500000e-01 -2.593940e-01 0
3.500000e-01 -2.593940e-01 0
3.500000e-01 -2.593940e-01 0
3.500000e-01 -2.593940e-01 0
3.500000e-01 -2.593940e-01 0
3.500000e-01 -2.593940e-01 0
3.500000e-01 -2.593940e-01 0
3.500000e-01 -2.593940e-01 0
3.500000e-01 -2.593940e-01 0
3.500000e-01 -2.593940e-01 0
3.500000e-01 -2.593940e-01 0
3.500000e-01 -2.593940e-01 0
3.500000e-01 -2.593940e-01 0
3.500000e-01 -2.593940e-01 0
3.500000e-01 -2.593940e-01 0
3.500000e-01 -2.593940e-01 0
3.500000e-01 -2.593940e-01 0
3.500000e-01 -2.593940e-01 0
3.500000e-01 -2.593940e-01 0
3.500000e-01 -2.593940e-01 0
3.500000e-01 -2.593940e-01 0
3.500000e-01 -2.593940e-01 0
3.500000e-01 -2.593940e-01 0
3.500000e-01 -2.593940e-01 0
3.500000e-01 -2.593940e-01 0
3.500000e-01 -2.593940e-01 0
3.500000e-01 -2.593940e-01 0
3.500000e-01 -2.593940e-01 0
3.500000e-01 -2.593940e-01 0
3.500000e-01 -2.593940e-01 0
3.500000e-01 -2.593940e-01 0
3.500000e-01 -2.593940e-01 0
3.500000e-01 -2.593940e-01 0
3.500000e-01 -2.593940e-01 0
3.500000e-01 -2.593940e-01 0
3.500000e-01 -2.593940e-01 0
3.500000e-01 -2.593940e-01 0
3.500000e-01 -2.593940e-01 0
3.500000e-01 -2.593940e-01 0
3.500000e-01 -2.593940e-01 0
3.500000e-01 -2.593940e-01 0
3.500000e-01 -2.593940e-01 0
3.500000e-01 -2.593940e-01 0
3.500000e-01 -2.593940e-01 0
3.500000e-01 -2.593940e-01 0
3.500000e-01 -2.593940e-01 0
3.500000e-01 -2.593940e-01 0
3.500000e-01 -2.593940e-01 0
3.500000e-01 -2.593940e-01 0
3.500000e-01 -2.593940e-01 0
3.500000e-01 -2.593940e-01 0
3.500000e-01 -2.593940e-01 0
3.500000e-01 -2.593940e-01 0
3.500000e-01 -2.593940e-01 0
3.500000e-01 -2.593940e-01 0
3.500000e-01 -2.593940e-01 0
3.500000e-01 -2.593940e-01 0
3.500000e-01 -2.593940e-01 0
3.500000e-01 -2.593940e-01 0
3.500000e-01 -2.593940e-01 0
3.500000e-01 -2.593940e-01 0
3.500000e-01 -2.593940e-01 0
3.500000e-01 -2.593940e-01 0
3.500000e-01 -2.593940e-01 0
3.500000e-01 -2.593940e-01 0
3.500000e-01 -2.593940e-01 0
3.500000e-01 -2.593940e-01 0
3.500000e-01 -2.593940e-01 0
3.500000e-01 -2.593940e-01 0
3.500000e-01 -2.593940e-01 0
3.500000e-01 -2.593940e-01 0
3.500000e-01 -2.593940e-01 0
3.500000e-01 -2.593940e-01 0
3.500000e-01 -2.593940e-01 0
3.500000e-01 -2.593940e-01 0
3.500000e-01 -2.593940e-01 0
3.500000e-01 -2.593940e-01 0
3.500000e-01 -2.593940e-01 0
3.500000e-01 -2.593940e-01 0
3.500000e-01 -2.593940e-01 0
3.500000e-01 -2.593940e-01 0
3.500000e-01 -2.593940e-01 0
3.500000e-01 -2.593940e-01 0
3.500000e-01 -2.593940e-01 0
3.500000e-01 -2.593940e-01 0
3.500000e-01 -2.593940e-01 0
3.500000e-01 -2.593940e-01 0
3.500000e-01 -2.593940e-01 0
3.500000e-01 -2.593940e-01 0
3.500000e-01 -2.593940e-01 0
3.500000e-01 -2.593940e-01 0
3.500000e-01 -2.593940e-01 0
3.500000e-01 -2.593940e-01 0
3.500000e-01 -2.593940e-01 0
3.500000e-01 -2.593940e-01 0
3.500000e-01 -2.593940e-01 0
3.500000e-01 -2.593940e-01 0
3.500000e-01 -2.593940e-01 0
3.500000e-01 -2.593940e-01 0
3.500000e-01 -2.593940e-01 0
3.500000e-01 -2.593940e-01 0
3.500000e-01 -2.593940e-01 0
3.500000e-01 -2.593940e-01 0
3.500000e-01 -2.593940e-01 0
3.500000e-01 -2.593940e-01 0
3.500000e-01 -2.593940e-01 0
3.500000e-01 -2.593940e-01 0
3.500000e-01 -2.593940e-01 0
3.500000e-01 -2.593940e-01 0
3.500000e-01 -2.593940e-01 0
3.500000e-01 -2.593940e-01 0
3.500000e-01 -2.593940e-01 0
3.500000e-01 -2.593940e-01 0
3.500000e-01 -2.593940e-01 0
3.500000e-01 -2.593940e-01 0
3.500000e-01 -2.593940e-01 0
3.500000e-01 -2.593940e-01 0
3.500000e-01 -2.593940e-01 0
3.500000e-01 -2.593940e-01 0
3.500000e-01 -2.593940e-01 0
3.500000e-01 -2.593940e-01 0
3.500000e-01 -2.593940e-01 0
3.500000e-01 -2.593940e-01 0
3.500000e-01 -2.593940e-01 0
3.500000e-01 -2.593940e-01 0
3.500000e-01 -2.593940e-01 0
3.500000e-01 -2.593940e-01 0
3.500000e-01 -2.593940e-01 0
3.500000e-01 -2.593940e-01 0
3.500000e-01 -2.593940e-01 0
3.500000e-01 -2.593940e-01 0
3.500000e-01 -2.593940e-01 0
3.500000e-01 -2.593940e-01 0
3.500000e-01 -2.593940e-01 0
3.500000e-01 -2.593940e-01 0
3.500000e-01 -2.593940e-01 0
3.500000e-01 -2.593940e-01 0
3.500000e-01 -2.593940e-01 0
3.500000e-01 -2.593940e-01 0
3.500000e-01 -2.593940e-01 0
3.500000e-01 -2.593940e-01 0
3.500000e-01 -2.593940e-01 0
3.500000e-01 -2.593940e-01 0
3.500000e-01 -2.593940e-01 0
3.500000e-01 -2.593940e-01 0
3.500000e-01 -2.593940e-01 0
3.500000e-01 -2.593940e-01 0
3.500000e-01 -2.593940e-01 0
3.500000e-01 -2.593940e-01 0
3.500000e-01 -2.593940e-01 0
3.500000e-01 -2.593940e-01 0
3.500000e-01 -2.593940e-01 0
3.500000e-01 -2.593940e-01 0
3.500000e-01 -2.593940e-01 0
3.500000e-01 -2.593940e-01 0
3.500000e-01 -2.593940e-01 0
3.500000e-01 -2.593940e-01 0
3.500000e-01 -2.593940e-01 0
3.500000e-01 -2.593940e-01 0
3.500000e-01 -2.593940e-01 0
3.500000e-01 -2.593940e-01 0
3.500000e-01 -2.593940e-01 0
3.500000e-01 -2.593940e-01 0
3.500000e-01 -2.593940e-01 0
3.500000e-01 -2.593940e-01 0
3.500000e-01 -2.593940e-01 0
3.500000e-01 -2.593940e-01 0
3.500000e-01 -2.593940e-01 0
3.500000e-01 -2.593940e-01 0
3.500000e-01 -2.593940e-01 0
3.500000e-01 -2.593940e-01 0
3.500000e-01 -2.593940e-01 0
3.500000e-01 -2.593940e-01 0
3.500000e-01 -2.593940e-01 0
3.500000e-01 -2.593940e-01 0
3.500000e-01 -2.593940e-01 0
3.500000e-01 -2.593940e-01 0
3.500000e-01 -2.593940e-01 0
3.500000e-01 -2.593940e-01 0
3.500000e-01 -2.593940e-01 0
3.500000e-01 -2.593940e-01 0
3.500000e-01 -2.593940e-01 0
3.500000e-01 -2.593940e-01 0
3.500000e-01 -2.593940e-01 0
3.500000e-01 -2.593940e-01 0
3.500000e-01 -2.593940e-01 0
3.500000e-01 -2.593940e-01 0
3.500000e-01 -2.593940e-01 0
3.500000e-01 -2.593940e-01 0
3.500000e-01 -2.593940e-01 0
3.500000e-01 -2.593940e-01 0
3.500000e-01 -2.593940e-01 0
3.500000e-01 -2.593940e-01 0
3.500000e-01 -2.593940e-01 0
3.500000e-01 -2.593940e-01 0
3.500000e-01 -2.593940e-01 0
3.500000e-01 -2.593940e-01 0
3.500000e-01 -2.593940e-01 0
3.500000e-01 -2.593940e-01 0
3.500000e-01 -2.593940e-01 0
3.500000e-01 -2.593940e-01 0
3.500000e-01 -2.593940e-01 0
3.500000e-01 -2.593940e-01 0
3.500000e-01 -2.593940e-01 0
3.500000e-01 -2.593940e-01 0
3.500000e-01 -2.593940e-01 0
3.500000e-01 -2.593940e-01 0
3.500000e-01 -2.593940e-01 0
3.500000e-01 -2.593940e-01 0
3.500000e-01 -2.593940e-01 0
3.500000e-01 -2.593940e-01 0
3.500000e-01 -2.593940e-01 0
3.500000e-01 -2.593940e-01 0
3.500000e-01 -2.593940e-01 0
3.500000e-01 -2.593940e-01 0
3.500000e-01 -2.593940e-01 0
3.500000e-01 -2.593940e-01 0
3.500000e-01 -2.593940e-01 0
3.500000e-01 -2.593940e-01 0
3.500000e-01 -2.593940e-01 0
3.500000e-01 -2.593940e-01 0
3.500000e-01 -2.593940e-01 0
3.500000e-01 -2.593940e-01 0
3.500000e-01 -2.593940e-01 0
3.500000e-01 -2.593940e-01 0
3.500000e-01 -2.593940e-01 0
3.500000e-01 -2.593940e-01 0
3.500000e-01 -2.593940e-01 0
3.500000e-01 -2.593940e-01 0
3.500000e-01 -2.593940e-01 0
3.500000e-01 -2.593940e-01 0
3.500000e-01 -2.593940e-01 0
3.500000e-01 -2.593940e-01 0
3.500000e-01 -2.593940e-01 0
3.500000e-01 -2.593940e-01 0
3.500000e-01 -2.593940e-01 0
3.500000e-01 -2.593940e-01 0
3.500000e-01 -2.593940e-01 0
3.500000e-01 -2.593940e-01 0
3.500000e-01 -2.593940e-01 0
3.500000e-01 -2.593940e-01 0
3.500000e-01 -2.593940e-01 0
3.500000e-01 -2.593940e-01 0
3.500000e-01 -2.593940e-01 0
3.500000e-01 -2.593940e-01 0
3.500000e-01 -2.593940e-01 0
3.500000e-01 -2.593940e-01 0
3.500000e-01 -2.593940e-01 0
3.500000e-01 -2.593940e-01 0
3.500000e-01 -2.593940e-01 0
3.500000e-01 -2.593940e-01 0
3.500000e-01 -2.593940e-01 0
3.500000e-01 -2.593940e-01 0
3.500000e-01 -2.593940e-01 0
3.500000e-01 -2.593940e-01 0
3.500000e-01 -2.593940e-01 0
3.500000e-01 -2.593940e-01 0
3.500000e-01 -2.593940e-01 0
3.500000e-01 -2.593940e-01 0
3.500000e-01 -2.593940e-01 0
3.500000e-01 -2.593940e-01 0
3.500000e-01 -2.593940e-01 0
3.500000e-01 -2.593940e-01 0
3.500000e-01 -2.593940e-01 0
3.500000e-01 -2.593940e-01 0
3.500000e-01 -2.593940e-01 0
3.500000e-01 -2.593940e-01 0
3.500000e-01 -2.593940e-01 0
3.500000e-01 -2.593940e-01 0
3.500000e-01 -2.593940e-01 0
3.500000e-01 -2.593940e-01 0
3.500000e-01 -2.593940e-01 0
3.500000e-01 -2.593940e-01 0
3.500000e-01 -2.593940e-01 0
3.500000e-01 -2.593940e-01 0
3.500000e-01 -2.593940e-01 0
3.500000e-01 -2.593940e-01 0
3.500000e-01 -2.593940e-01 0
3.500000e-01 -2.593940e-01 0
3.500000e-01 -2.593940e-01 0
3.520000e-01 -2.593940e-01 1.568000e-03
3.540000e-01 -2.593940e-01 3.072000e-03
3.560000e-01 -2.593940e-01 4.512000e-03
3.580000e-01 -2.593940e-01 5.888000e-03
3.600000e-01 -2.593940e-01 7.200000e-03
3.620000e-01 -2.593940e-01 8.448000e-03
3.640000e-01 -2.593940e-01 9.632000e-03
3.660000e-01 -2.593940e-01 1.075200e-02
3.680000e-01 -2.593940e-01 1.180800e-02
3.700000e-01 -2.593940e-01 1.280000e-02
3.720000e-01 -2.593940e-01 1.372800e-02
3.740000e-01 -2.593940e-01 1.459200e-02
3.760000e-01 -2.593940e-01 1.539200e-02
3.780000e-01 -2.593940e-01 1.612800e-02
3.800000e-01 -2.593940e-01 1.680000e-02
3.820000e-01 -2.593940e-01 1.740800e-02
3.840000e-01 -2.593940e-01 1.795200e-02
3.860000e-01 -2.593940e-01 1.843200e-02
3.880000e-01 -2.593940e-01 1.884800e-02
3.900000e-01 -2.593940e-01 1.920000e-02
3.920000e-01 -2.593940e-01 1.948800e-02
3.940000e-01 -2.593940e-01 1.971200e-02
3.960000e-01 -2.593940e-01 1.987200e-02
3.980000e-01 -2.593940e-01 1.996800e-02
4.000000e-01 -2.593940e-01 2.000000e-02
4.020000e-01 -2.593940e-01 1.996800e-02
4.040000e-01 -2.593940e-01 1.987200e-02
4.060000e-01 -2.593940e-01 1.971200e-02
4.080000e-01 -2.593940e-01 1.948800e-02
4.100000e-01 -2.593940e-01 1.920000e-02
4.120000e-01 -2.593940e-01 1.884800e-02
4.140000e-01 -2.593940e-01 1.843200e-02
4.160000e-01 -2.593940e-01 1.795200e-02
4.180000e-01 -2.593940e-01 1.740800e-02
4.200000e-01 -2.593940e-01 1.680000e-02
4.220000e-01 -2.593940e-01 1.612800e-02
4.240000e-01 -2.593940e-01 1.539200e-02
4.260000e-01 -2.593940e-01 1.459200e-02
4.280000e-01 -2.593940e-01 1.372800e-02
4.300000e-01 -2.593940e-01 1.280000e-02
4.320000e-01 -2.593940e-01 1.180800e-02
4.340000e-01 -2.593940e-01 1.075200e-02
4.360000e-01 -2.593940e-01 9.632000e-03
4.380000e-01 -2.593940e-01 8.448000e-03
4.400000e-01 -2.593940e-01 7.200000e-03
4.420000e-01 -2.593940e-01 5.888000e-03
4.440000e-01 -2.593940e-01 4.512000e-03
4.460000e-01 -2.593940e-01 3.072000e-03
4.480000e-01 -2.593940e-01 1.568000e-03
4.500000e-01 -2.593940e-01 0
4.500000e-01 -2.593940e-01 0
4.500000e-01 -2.593940e-01 0
4.500000e-01 -2.593940e-01 0
4.500000e-01 -2.593940e-01 0
4.500000e-01 -2.593940e-01 0
4.500000e-01 -2.593940e-01 0
4.500000e-01 -2.593940e-01 0
4.500000e-01 -2.593940e-01 0
4.500000e-01 -2.593940e-01 0
4.500000e-01 -2.593940e-01 0
4.500000e-01 -2.593940e-01 0
4.500000e-01 -2.593940e-01 0
4.500000e-01 -2.593940e-01 0
4.500000e-01 -2.593940e-01 0
4.500000e-01 -2.593940e-01 0
4.500000e-01 -2.593940e-01 0
4.500000e-01 -2.593940e-01 0
4.500000e-01 -2.593940e-01 0
4.500000e-01 -2.593940e-01 0
4.500000e-01 -2.593940e-01 0
4.500000e-01 -2.593940e-01 0
4.500000e-01 -2.593940e-01 0
4.500000e-01 -2.593940e-01 0
4.500000e-01 -2.593940e-01 0
4.500000e-01 -2.593940e-01 0
4.500000e-01 -2.593940e-01 0
4.500000e-01 -2.593940e-01 0
4.500000e-01 -2.593940e-01 0
4.500000e-01 -2.593940e-01 0
4.500000e-01 -2.593940e-01 0
4.500000e-01 -2.593940e-01 0
4.500000e-01 -2.593940e-01 0
4.500000e-01 -2.593940e-01 0
4.500000e-01 -2.593940e-01 0
4.500000e-01 -2.593940e-01 0
4.500000e-01 -2.593940e-01 0
4.500000e-01 -2.593940e-01 0
4.500000e-01 -2.593940e-01 0
4.500000e-01 -2.593940e-01 0
4.500000e-01 -2.593940e-01 0
4.500000e-01 -2.593940e-01 0
4.500000e-01 -2.593940e-01 0
4.500000e-01 -2.593940e-01 0
4.500000e-01 -2.593940e-01 0
4.500000e-01 -2.593940e-01 0
4.500000e-01 -2.593940e-01 0
4.500000e-01 -2.593940e-01 0
4.500000e-01 -2.593940e-01 0
4.500000e-01 -2.593940e-01 0
4.500000e-01 -2.593940e-01 0
4.500000e-01 -2.593940e-01 0
4.500000e-01 -2.593940e-01 0
4.500000e-01 -2.593940e-01 0
4.500000e-01 -2.593940e-01 0
4.500000e-01 -2.593940e-01 0
4.500000e-01 -2.593940e-01 0
4.500000e-01 -2.593940e-01 0
4.500000e-01 -2.593940e-01 0
4.500000e-01 -2.593940e-01 0
4.500000e-01 -2.593940e-01 0
4.500000e-01 -2.593940e-01 0
4.500000e-01 -2.593940e-01 0
4.500000e-01 -2.593940e-01 0
4.500000e-01 -2.593940e-01 0
4.500000e-01 -2.593940e-01 0
4.500000e-01 -2.593940e-01 0
4.500000e-01 -2.593940e-01 0
4.500000e-01 -2.593940e-01 0
4.500000e-01 -2.593940e-01 0
4.500000e-01 -2.593940e-01 0
4.500000e-01 -2.593940e-01 0
4.500000e-01 -2.593940e-01 0
4.500000e-01 -2.593940e-01 0
4.500000e-01 -2.593940e-01 0
4.500000e-01 -2.593940e-01 0
4.500000e-01 -2.593940e-01 0
4.500000e-01 -2.593940e-01 0
4.500000e-01 -2.593940e-01 0
4.500000e-01 -2.593940e-01 0
4.500000e-01 -2.593940e-01 0
4.500000e-01 -2.593940e-01 0
4.500000e-01 -2.593940e-01 0
4.500000e-01 -2.593940e-01 0
4.500000e-01 -2.593940e-01 0
4.500000e-01 -2.593940e-01 0
4.500000e-01 -2.593940e-01 0
4.500000e-01 -2.593940e-01 0
4.500000e-01 -2.593940e-01 0
4.500000e-01 -2.593940e-01 0
4.500000e-01 -2.593940e-01 0
4.500000e-01 -2.593940e-01 0
4.500000e-01 -2.593940e-01 0
4.500000e-01 -2.593940e-01 0
4.500000e-01 -2.593940e-01 0
4.500000e-01 -2.593940e-01 0
4.500000e-01 -2.593940e-01 0
4.500000e-01 -2.593940e-01 0
4.500000e-01 -2.593940e-01 0
4.500000e-01 -2.593940e-01 0
4.500000e-01 -2.593940e-01 0
4.500000e-01 -2.593940e-01 0
4.500000e-01 -2.593940e-01 0
4.500000e-01 -2.593940e-01 0
4.500000e-01 -2.593940e-01 0
4.500000e-01 -2.593940e-01 0
4.500000e-01 -2.593940e-01 0
4.500000e-01 -2.593940e-01 0
4.500000e-01 -2.593940e-01 0
4.500000e-01 -2.593940e-01 0
4.500000e-01 -2.593940e-01 0
4.500000e-01 -2.593940e-01 0
4.500000e-01 -2.593940e-01 0
4.500000e-01 -2.593940e-01 0
4.500000e-01 -2.593940e-01 0
4.500000e-01 -2.593940e-01 0
4.500000e-01 -2.593940e-01 0
4.500000e-01 -2.593940e-01 0
4.500000e-01 -2.593940e-01 0
4.500000e-01 -2.593940e-01 0
4.500000e-01 -2.593940e-01 0
4.500000e-01 -2.593940e-01 0
4.500000e-01 -2.593940e-01 0
4.500000e-01 -2.593940e-01 0
4.500000e-01 -2.593940e-01 0
4.500000e-01 -2.593940e-01 0
4.500000e-01 -2.593940e-01 0
4.500000e-01 -2.593940e-01 0
4.500000e-01 -2.593940e-01 0
4.500000e-01 -2.593940e-01 0
4.500000e-01 -2.593940e-01 0
4.500000e-01 -2.593940e-01 0
4.500000e-01 -2.593940e-01 0
4.500000e-01 -2.593940e-01 0
4.500000e-01 -2.593940e-01 0
4.500000e-01 -2.593940e-01 0
4.500000e-01 -2.593940e-01 0
4.500000e-01 -2.593940e-01 0
4.500000e-01 -2.593940e-01 0
4.500000e-01 -2.593940e-01 0
4.500000e-01 -2.593940e-01 0
4.500000e-01 -2.593940e-01 0
4.500000e-01 -2.593940e-01 0
4.500000e-01 -2.593940e-01 0
4.500000e-01 -2.593940e-01 0
4.500000e-01 -2.593940e-01 0
4.500000e-01 -2.593940e-01 0
4.500000e-01 -2.593940e-01 0
4.500000e-01 -2.593940e-01 0
4.500000e-01 -2.593940e-01 0
4.500000e-01 -2.593940e-01 0
4.500000e-01 -2.593940e-01 0
4.500000e-01 -2.593940e-01 0
4.500000e-01 -2.593940e-01 0
4.500000e-01 -2.593940e-01 0
4.500000e-01 -2.593940e-01 0
4.500000e-01 -2.593940e-01 0
4.500000e-01 -2.593940e-01 0
4.500000e-01 -2.593940e-01 0
4.500000e-01 -2.593940e-01 0
4.500000e-01 -2.593940e-01 0
4.500000e-01 -2.593940e-01 0
4.500000e-01 -2.593940e-01 0
4.500000e-01 -2.593940e-01 0
4.500000e-01 -2.593940e-01 0
4.500000e-01 -2.593940e-01 0
4.500000e-01 -2.593940e-01 0
4.500000e-01 -2.593940e-01 0
4.500000e-01 -2.593940e-01 0
4.500000e-01 -2.593940e-01 0
4.500000e-01 -2.593940e-01 0
4.500000e-01 -2.593940e-01 0
4.500000e-01 -2.593940e-01 0
4.500000e-01 -2.593940e-01 0
4.500000e-01 -2.593940e-01 0
4.500000e-01 -2.593940e-01 0
4.500000e-01 -2.593940e-01 0
4.500000e-01 -2.593940e-01 0
4.500000e-01 -2.593940e-01 0
4.500000e-01 -2.593940e-01 0
4.500000e-01 -2.593940e-01 0
4.500000e-01 -2.593940e-01 0
4.500000e-01 -2.593940e-01 0
4.500000e-01 -2.593940e-01 0
4.500000e-01 -2.593940e-01 0
4.500000e-01 -2.593940e-01 0
4.500000e-01 -2.593940e-01 0
4.500000e-01 -2.593940e-01 0
4.500000e-01 -2.593940e-01 0
4.500000e-01 -2.593940e-01 0
4.500000e-01 -2.593940e-01 0
4.500000e-01 -2.593940e-01 0
4.500000e-01 -2.593940e-01 0
4.500000e-01 -2.593940e-01 0
4.500000e-01 -2.593940e-01 0
4.500000e-01 -2.593940e-01 0
4.500000e-01 -2.593940e-01 0
4.500000e-01 -2.593940e-01 0
4.500000e-01 -2.593940e-01 0
4.500000e-01 -2.593940e-01 0
4.500000e-01 -2.593940e-01 0
