4.841909e-06 -8.000404e-07 0
1.894884e-05 -3.133781e-06 0
4.150931e-05 -6.872687e-06 0
7.176259e-05 -1.189643e-05 0
1.089958e-04 -1.809245e-05 0
1.525415e-04 -2.535548e-05 0
2.017746e-04 -3.358719e-05 0
2.561103e-04 -4.269572e-05 0
3.150016e-04 -5.259538e-05 0
3.779371e-04 -6.320629e-05 0
4.444393e-04 -7.445399e-05 0
5.140623e-04 -8.626921e-05 0
5.863900e-04 -9.858751e-05 0
6.610344e-04 -1.113490e-04 0
7.376340e-04 -1.244982e-04 0
8.158519e-04 -1.379836e-04 0
8.953747e-04 -1.517574e-04 0
9.759110e-04 -1.657757e-04 0
1.057190e-03 -1.799977e-04 0
1.138961e-03 -1.943859e-04 0
1.220991e-03 -2.089058e-04 0
1.303066e-03 -2.235258e-04 0
1.384983e-03 -2.382167e-04 0
1.466559e-03 -2.529521e-04 0
1.547620e-03 -2.677077e-04 0
1.628010e-03 -2.824616e-04 0
1.707582e-03 -2.971939e-04 0
1.786200e-03 -3.118865e-04 0
1.863742e-03 -3.265233e-04 0
1.940093e-03 -3.410899e-04 0
2.015147e-03 -3.555734e-04 0
2.088810e-03 -3.699627e-04 0
2.160992e-03 -3.842477e-04 0
2.231613e-03 -3.984200e-04 0
2.300598e-03 -4.124723e-04 0
2.367881e-03 -4.263985e-04 0
2.433399e-03 -4.401936e-04 0
2.497097e-03 -4.538537e-04 0
2.558923e-03 -4.673758e-04 0
2.618831e-03 -4.807579e-04 0
2.676779e-03 -4.939988e-04 0
2.732729e-03 -5.070981e-04 0
2.786645e-03 -5.200564e-04 0
2.838487e-03 -5.328747e-04 0
2.888235e-03 -5.455549e-04 0
2.935875e-03 -5.580995e-04 0
2.981371e-03 -5.705117e-04 0
3.024694e-03 -5.827950e-04 0
3.065829e-03 -5.949538e-04 0
3.104765e-03 -6.069928e-04 0
3.141493e-03 -6.189174e-04 0
3.176002e-03 -6.307333e-04 0
3.208283e-03 -6.424467e-04 0
3.238331e-03 -6.540644e-04 0
3.266141e-03 -6.655934e-04 0
3.291712e-03 -6.770414e-04 0
3.315046e-03 -6.884162e-04 0
3.336145e-03 -6.997262e-04 0
3.355040e-03 -7.109801e-04 0
3.371739e-03 -7.221870e-04 0
3.386235e-03 -7.333565e-04 0
3.398555e-03 -7.444983e-04 0
3.408731e-03 -7.556227e-04 0
3.416783e-03 -7.667404e-04 0
3.422742e-03 -7.778623e-04 0
3.426647e-03 -7.889997e-04 0
3.428549e-03 -8.001644e-04 0
3.428503e-03 -8.113685e-04 0
3.426584e-03 -8.226246e-04 0
3.422927e-03 -8.339454e-04 0
3.417943e-03 -8.453444e-04 0
3.412636e-03 -8.568340e-04 0
3.408392e-03 -8.684247e-04 0
3.406557e-03 -8.801252e-04 0
3.408356e-03 -8.919422e-04 0
3.414879e-03 -9.038810e-04 0
3.427079e-03 -9.159450e-04 0
3.445763e-03 -9.281364e-04 0
3.471584e-03 -9.404557e-04 0
3.505041e-03 -9.529023e-04 0
3.546468e-03 -9.654740e-04 0
3.596036e-03 -9.781677e-04 0
3.653751e-03 -9.909792e-04 0
3.719456e-03 -1.004120e-03 0
3.792838e-03 -1.018106e-03 0
3.873444e-03 -1.033507e-03 0
3.960694e-03 -1.050833e-03 0
4.053881e-03 -1.070534e-03 0
4.152179e-03 -1.093009e-03 0
4.254636e-03 -1.118607e-03 0
4.360185e-03 -1.147629e-03 0
4.467641e-03 -1.180337e-03 0
4.575706e-03 -1.216949e-03 0
4.682980e-03 -1.257651e-03 0
4.787958e-03 -1.302592e-03 0
4.889043e-03 -1.351890e-03 0
4.984551e-03 -1.405636e-03 0
5.072714e-03 -1.463892e-03 0
5.151691e-03 -1.526697e-03 0
5.230138e-03 -1.593018e-03 0
5.317739e-03 -1.661641e-03 0
5.414655e-03 -1.732246e-03 0
5.521047e-03 -1.804530e-03 0
5.637103e-03 -1.878216e-03 0
5.763023e-03 -1.953042e-03 0
5.898686e-03 -2.028766e-03 0
6.043361e-03 -2.105163e-03 0
6.196065e-03 -2.182024e-03 0
6.355875e-03 -2.259154e-03 0
6.521931e-03 -2.336374e-03 0
6.693429e-03 -2.413517e-03 0
6.869618e-03 -2.490426e-03 0
7.049800e-03 -2.566960e-03 0
7.233321e-03 -2.642986e-03 0
7.419576e-03 -2.718381e-03 0
7.607997e-03 -2.793032e-03 0
7.798061e-03 -2.866835e-03 0
7.989276e-03 -2.939693e-03 0
8.181189e-03 -3.011518e-03 0
8.373378e-03 -3.082227e-03 0
8.565451e-03 -3.151747e-03 0
8.757045e-03 -3.220006e-03 0
8.947822e-03 -3.286943e-03 0
9.137471e-03 -3.352497e-03 0
9.325702e-03 -3.416615e-03 0
9.512247e-03 -3.479247e-03 0
9.696860e-03 -3.540348e-03 0
9.879310e-03 -3.599876e-03 0
1.005939e-02 -3.657790e-03 0
1.023689e-02 -3.714057e-03 0
1.041164e-02 -3.768641e-03 0
1.058348e-02 -3.821512e-03 0
1.075224e-02 -3.872642e-03 0
1.091778e-02 -3.922002e-03 0
1.107997e-02 -3.969568e-03 0
1.123868e-02 -4.015314e-03 0
1.139380e-02 -4.059219e-03 0
1.154522e-02 -4.101259e-03 0
1.169284e-02 -4.141414e-03 0
1.183657e-02 -4.179662e-03 0
1.197631e-02 -4.215983e-03 0
1.211199e-02 -4.250356e-03 0
1.224352e-02 -4.282761e-03 0
1.237083e-02 -4.313177e-03 0
1.249385e-02 -4.341583e-03 0
1.261249e-02 -4.367959e-03 0
1.272670e-02 -4.392281e-03 0
1.283640e-02 -4.414529e-03 0
1.294153e-02 -4.434677e-03 0
1.304202e-02 -4.452701e-03 0
1.313780e-02 -4.468571e-03 0
1.322881e-02 -4.482264e-03 0
1.331497e-02 -4.493751e-03 0
1.339621e-02 -4.503006e-03 0
1.347247e-02 -4.510000e-03 0
1.354366e-02 -4.514704e-03 0
1.360970e-02 -4.517088e-03 0
1.367053e-02 -4.517118e-03 0
1.372605e-02 -4.514765e-03 0
1.377618e-02 -4.509993e-03 0
1.382082e-02 -4.502771e-03 0
1.385989e-02 -4.493063e-03 0
1.389329e-02 -4.480838e-03 0
1.392098e-02 -4.466094e-03 0
1.394291e-02 -4.448823e-03 0
1.395899e-02 -4.428989e-03 0
1.396905e-02 -4.406529e-03 0
1.397296e-02 -4.381392e-03 0
1.397061e-02 -4.353549e-03 0
1.396191e-02 -4.322978e-03 0
1.394809e-02 -4.289664e-03 0
1.393170e-02 -4.253588e-03 0
1.391524e-02 -4.214758e-03 0
1.390094e-02 -4.173200e-03 0
1.389075e-02 -4.128933e-03 0
1.388636e-02 -4.081981e-03 0
1.388914e-02 -4.032404e-03 0
1.390016e-02 -3.980264e-03 0
1.392015e-02 -3.925598e-03 0
1.394954e-02 -3.868448e-03 0
1.398847e-02 -3.808872e-03 0
1.403677e-02 -3.746925e-03 0
1.409397e-02 -3.682659e-03 0
1.415932e-02 -3.616120e-03 0
1.423171e-02 -3.547349e-03 0
1.430973e-02 -3.476381e-03 0
1.439163e-02 -3.403240e-03 0
1.447533e-02 -3.327942e-03 0
1.455839e-02 -3.250494e-03 0
1.463806e-02 -3.170889e-03 0
1.471120e-02 -3.089112e-03 0
1.477435e-02 -3.005136e-03 0
1.482370e-02 -2.918922e-03 0
1.485512e-02 -2.830420e-03 0
1.486416e-02 -2.739567e-03 0
1.484607e-02 -2.646289e-03 0
1.479582e-02 -2.550501e-03 0
1.470809e-02 -2.452106e-03 0
1.457736e-02 -2.350994e-03 0
1.443638e-02 -2.249092e-03 0
1.432068e-02 -2.148425e-03 0
1.423004e-02 -2.049066e-03 0
1.416430e-02 -1.951079e-03 0
1.412336e-02 -1.854520e-03 0
1.410713e-02 -1.759438e-03 0
1.411560e-02 -1.665876e-03 0
1.414877e-02 -1.573868e-03 0
1.420671e-02 -1.483445e-03 0
1.428951e-02 -1.394631e-03 0
1.439732e-02 -1.307444e-03 0
1.453033e-02 -1.221900e-03 0
1.468877e-02 -1.138009e-03 0
1.487241e-02 -1.055775e-03 0
1.507967e-02 -9.752024e-04 0
1.530822e-02 -8.962892e-04 0
1.555588e-02 -8.190311e-04 0
1.582060e-02 -7.434209e-04 0
1.610045e-02 -6.694489e-04 0
1.639366e-02 -5.971026e-04 0
1.669853e-02 -5.263830e-04 0
1.701350e-02 -4.572824e-04 0
1.733709e-02 -3.897940e-04 0
1.766795e-02 -3.239706e-04 0
1.800477e-02 -2.599749e-04 0
1.834637e-02 -1.981370e-04 0
1.869163e-02 -1.389230e-04 0
1.903950e-02 -8.268369e-05 0
1.938901e-02 -2.939718e-05 0
1.973924e-02 2.137400e-05 0
2.008935e-02 7.041085e-05 0
2.043854e-02 1.187576e-04 0
2.078608e-02 1.671757e-04 0
2.113126e-02 2.158862e-04 0
2.147345e-02 2.649747e-04 0
2.181204e-02 3.145269e-04 0
2.214646e-02 3.646295e-04 0
2.247620e-02 4.153704e-04 0
2.280075e-02 4.668382e-04 0
2.311964e-02 5.191231e-04 0
2.343245e-02 5.723166e-04 0
2.373876e-02 6.265117e-04 0
2.403819e-02 6.818034e-04 0
2.433036e-02 7.382885e-04 0
2.461494e-02 7.960657e-04 0
2.489159e-02 8.552362e-04 0
2.516000e-02 9.159036e-04 0
2.541987e-02 9.781741e-04 0
2.567091e-02 1.042157e-03 0
2.591284e-02 1.107964e-03 0
2.614538e-02 1.175713e-03 0
2.636828e-02 1.245519e-03 0
2.658127e-02 1.317503e-03 0
2.678409e-02 1.391793e-03 0
2.697649e-02 1.468519e-03 0
2.715822e-02 1.547815e-03 0
2.732903e-02 1.629821e-03 0
2.748865e-02 1.714679e-03 0
2.763684e-02 1.802538e-03 0
2.777332e-02 1.893552e-03 0
2.789783e-02 1.987881e-03 0
2.801010e-02 2.085689e-03 0
2.810984e-02 2.187147e-03 0
2.819676e-02 2.292434e-03 0
2.827055e-02 2.401733e-03 0
2.833092e-02 2.515236e-03 0
2.837752e-02 2.633142e-03 0
2.841004e-02 2.755661e-03 0
2.842816e-02 2.883003e-03 0
2.843164e-02 3.015387e-03 0
2.842023e-02 3.144480e-03 0
2.839499e-02 3.262251e-03 0
2.835834e-02 3.369502e-03 0
2.831256e-02 3.466985e-03 0
2.825967e-02 3.555406e-03 0
2.820141e-02 3.635430e-03 0
2.813926e-02 3.707677e-03 0
2.807439e-02 3.772728e-03 0
2.800763e-02 3.831129e-03 0
2.793953e-02 3.883390e-03 0
2.787029e-02 3.929987e-03 0
2.779978e-02 3.971365e-03 0
2.772757e-02 4.007940e-03 0
2.765295e-02 4.040100e-03 0
2.757486e-02 4.068204e-03 0
2.749195e-02 4.092590e-03 0
2.740257e-02 4.113575e-03 0
2.730471e-02 4.132082e-03 0
2.719607e-02 4.149577e-03 0
2.707402e-02 4.167389e-03 0
2.693561e-02 4.186709e-03 0
2.677757e-02 4.208607e-03 0
2.659632e-02 4.234036e-03 0
2.638799e-02 4.263841e-03 0
2.614840e-02 4.298767e-03 0
2.587314e-02 4.339464e-03 0
2.555748e-02 4.386499e-03 0
2.519650e-02 4.440356e-03 0
2.478501e-02 4.501444e-03 0
2.431762e-02 4.570105e-03 0
2.384197e-02 4.644459e-03 0
2.340805e-02 4.722241e-03 0
2.301510e-02 4.803011e-03 0
2.266242e-02 4.886357e-03 0
2.234942e-02 4.971893e-03 0
2.207554e-02 5.059262e-03 0
2.184029e-02 5.148128e-03 0
2.164326e-02 5.238180e-03 0
2.148409e-02 5.329126e-03 0
2.136119e-02 5.420697e-03 0
2.127183e-02 5.512641e-03 0
2.121343e-02 5.604723e-03 0
2.118353e-02 5.696727e-03 0
2.117983e-02 5.788450e-03 0
2.120015e-02 5.879703e-03 0
2.124247e-02 5.970314e-03 0
2.130487e-02 6.060118e-03 0
2.138554e-02 6.148967e-03 0
2.148279e-02 6.236720e-03 0
2.159503e-02 6.323249e-03 0
2.172077e-02 6.408433e-03 0
2.185861e-02 6.492162e-03 0
2.200723e-02 6.574334e-03 0
2.216538e-02 6.654853e-03 0
2.233191e-02 6.733629e-03 0
2.250573e-02 6.810580e-03 0
2.268581e-02 6.885629e-03 0
2.287118e-02 6.958705e-03 0
2.306096e-02 7.029740e-03 0
2.325427e-02 7.098671e-03 0
2.345034e-02 7.165441e-03 0
2.364840e-02 7.229994e-03 0
2.384776e-02 7.292278e-03 0
2.404775e-02 7.352242e-03 0
2.424774e-02 7.409841e-03 0
2.444715e-02 7.465030e-03 0
2.464542e-02 7.517766e-03 0
2.484204e-02 7.568006e-03 0
2.503649e-02 7.615703e-03 0
2.522832e-02 7.660817e-03 0
2.541709e-02 7.703311e-03 0
2.560236e-02 7.743145e-03 0
2.578373e-02 7.780281e-03 0
2.596084e-02 7.814682e-03 0
2.613329e-02 7.846307e-03 0
2.630076e-02 7.875124e-03 0
2.646289e-02 7.901103e-03 0
2.661937e-02 7.924212e-03 0
2.676987e-02 7.944408e-03 0
2.691409e-02 7.961648e-03 0
2.705172e-02 7.975882e-03 0
2.718248e-02 7.987059e-03 0
2.730607e-02 7.995134e-03 0
2.742221e-02 8.000056e-03 0
2.753060e-02 8.001775e-03 0
2.763098e-02 8.000241e-03 0
2.772304e-02 7.995411e-03 0
2.780652e-02 7.987238e-03 0
2.788113e-02 7.975673e-03 0
2.794657e-02 7.960664e-03 0
2.800256e-02 7.942159e-03 0
2.804879e-02 7.920107e-03 0
2.808498e-02 7.894460e-03 0
2.811081e-02 7.865169e-03 0
2.812597e-02 7.832190e-03 0
2.813018e-02 7.795479e-03 0
2.812311e-02 7.754997e-03 0
2.810445e-02 7.710706e-03 0
2.807392e-02 7.662577e-03 0
2.803122e-02 7.610583e-03 0
2.797610e-02 7.554708e-03 0
2.790951e-02 7.494941e-03 0
2.783377e-02 7.431296e-03 0
2.775114e-02 7.363796e-03 0
2.766366e-02 7.292467e-03 0
2.757307e-02 7.217371e-03 0
2.748084e-02 7.138581e-03 0
2.738815e-02 7.056187e-03 0
2.729586e-02 6.970287e-03 0
2.720451e-02 6.880995e-03 0
2.711433e-02 6.788431e-03 0
2.702518e-02 6.692724e-03 0
2.693664e-02 6.594007e-03 0
2.684800e-02 6.492418e-03 0
2.675821e-02 6.388091e-03 0
2.666595e-02 6.281162e-03 0
2.656957e-02 6.171762e-03 0
2.646712e-02 6.060018e-03 0
2.635631e-02 5.946050e-03 0
2.623454e-02 5.829970e-03 0
2.609892e-02 5.711881e-03 0
2.594623e-02 5.591877e-03 0
2.577295e-02 5.470040e-03 0
2.557527e-02 5.346442e-03 0
2.534908e-02 5.221142e-03 0
2.509003e-02 5.094189e-03 0
2.479348e-02 4.965616e-03 0
2.445459e-02 4.835446e-03 0
2.406826e-02 4.703690e-03 0
2.362918e-02 4.570345e-03 0
2.318287e-02 4.436098e-03 0
2.277712e-02 4.301769e-03 0
2.241124e-02 4.167600e-03 0
2.208459e-02 4.033810e-03 0
2.179658e-02 3.900602e-03 0
2.154673e-02 3.768159e-03 0
2.133459e-02 3.636650e-03 0
2.115979e-02 3.506225e-03 0
2.102184e-02 3.377021e-03 0
2.091907e-02 3.249162e-03 0
2.084880e-02 3.122757e-03 0
2.080848e-02 2.997906e-03 0
2.079572e-02 2.874695e-03 0
2.080826e-02 2.753201e-03 0
2.084398e-02 2.633492e-03 0
2.090089e-02 2.515625e-03 0
2.097712e-02 2.399651e-03 0
2.107090e-02 2.285611e-03 0
2.118057e-02 2.173541e-03 0
2.130459e-02 2.063467e-03 0
2.144149e-02 1.955412e-03 0
2.158991e-02 1.849393e-03 0
2.174856e-02 1.745419e-03 0
2.191622e-02 1.643496e-03 0
2.209177e-02 1.543626e-03 0
2.227415e-02 1.445805e-03 0
2.246234e-02 1.350027e-03 0
2.265542e-02 1.256281e-03 0
2.285249e-02 1.164554e-03 0
2.305275e-02 1.074829e-03 0
2.325540e-02 9.870863e-04 0
2.345972e-02 9.013041e-04 0
2.366502e-02 8.174582e-04 0
2.387066e-02 7.355224e-04 0
2.407603e-02 6.554685e-04 0
2.428055e-02 5.772668e-04 0
2.448370e-02 5.008857e-04 0
2.468495e-02 4.262924e-04 0
2.488382e-02 3.534530e-04 0
2.507987e-02 2.823323e-04 0
2.527266e-02 2.128942e-04 0
2.546178e-02 1.451015e-04 0
2.564683e-02 7.891647e-05 0
2.582746e-02 1.430060e-05 0
2.600329e-02 -4.878523e-05 0
2.617400e-02 -1.103807e-04 0
2.633924e-02 -1.705259e-04 0
2.649871e-02 -2.292614e-04 0
2.665209e-02 -2.866280e-04 0
2.679908e-02 -3.426669e-04 0
2.693940e-02 -3.974195e-04 0
2.707275e-02 -4.509273e-04 0
2.719886e-02 -5.032322e-04 0
2.731744e-02 -5.543761e-04 0
2.742821e-02 -6.044010e-04 0
2.753091e-02 -6.533491e-04 0
2.762524e-02 -7.012625e-04 0
2.771095e-02 -7.481837e-04 0
2.778773e-02 -7.941549e-04 0
2.785531e-02 -8.392187e-04 0
2.791338e-02 -8.834174e-04 0
2.796165e-02 -9.267936e-04 0
2.799983e-02 -9.693900e-04 0
2.802760e-02 -1.011249e-03 0
2.804466e-02 -1.052414e-03 0
2.805071e-02 -1.092928e-03 0
2.804543e-02 -1.132833e-03 0
2.802853e-02 -1.172173e-03 0
2.799970e-02 -1.210991e-03 0
2.795870e-02 -1.249331e-03 0
2.790523e-02 -1.287236e-03 0
2.784027e-02 -1.324750e-03 0
2.776618e-02 -1.361916e-03 0
2.768523e-02 -1.398771e-03 0
2.759944e-02 -1.435348e-03 0
2.751055e-02 -1.471677e-03 0
2.742003e-02 -1.507784e-03 0
2.732905e-02 -1.543691e-03 0
2.723846e-02 -1.579418e-03 0
2.714881e-02 -1.614979e-03 0
2.706029e-02 -1.650388e-03 0
2.697277e-02 -1.685656e-03 0
2.688584e-02 -1.721050e-03 0
2.679877e-02 -1.757448e-03 0
2.671051e-02 -1.796008e-03 0
2.661973e-02 -1.837768e-03 0
2.652477e-02 -1.883649e-03 0
2.642367e-02 -1.934468e-03 0
2.631413e-02 -1.990942e-03 0
2.619355e-02 -2.053697e-03 0
2.605899e-02 -2.123274e-03 0
2.590722e-02 -2.200135e-03 0
2.573470e-02 -2.284668e-03 0
2.553759e-02 -2.377194e-03 0
2.531176e-02 -2.477973e-03 0
2.505282e-02 -2.587206e-03 0
2.475609e-02 -2.705041e-03 0
2.441668e-02 -2.831577e-03 0
2.402947e-02 -2.966869e-03 0
2.358910e-02 -3.110929e-03 0
2.314123e-02 -3.261574e-03 0
2.273386e-02 -3.416303e-03 0
2.236628e-02 -3.574491e-03 0
2.203785e-02 -3.735559e-03 0
2.174799e-02 -3.898966e-03 0
2.149619e-02 -4.064213e-03 0
2.128202e-02 -4.230831e-03 0
2.110510e-02 -4.398389e-03 0
2.096509e-02 -4.566485e-03 0
2.086054e-02 -4.734748e-03 0
2.078877e-02 -4.902834e-03 0
2.074723e-02 -5.070423e-03 0
2.073349e-02 -5.237222e-03 0
2.074529e-02 -5.402959e-03 0
2.078049e-02 -5.567383e-03 0
2.083709e-02 -5.730263e-03 0
2.091318e-02 -5.891386e-03 0
2.100700e-02 -6.050556e-03 0
2.111688e-02 -6.207594e-03 0
2.124126e-02 -6.362336e-03 0
2.137866e-02 -6.514631e-03 0
2.152771e-02 -6.664341e-03 0
2.168711e-02 -6.811338e-03 0
2.185563e-02 -6.955507e-03 0
2.203214e-02 -7.096740e-03 0
2.221557e-02 -7.234941e-03 0
2.240490e-02 -7.370020e-03 0
2.259920e-02 -7.501897e-03 0
2.279757e-02 -7.630497e-03 0
2.299918e-02 -7.755750e-03 0
2.320325e-02 -7.877596e-03 0
2.340905e-02 -7.995977e-03 0
2.361588e-02 -8.110839e-03 0
2.382309e-02 -8.222133e-03 0
2.403007e-02 -8.329815e-03 0
2.423625e-02 -8.433841e-03 0
2.444108e-02 -8.534173e-03 0
2.464405e-02 -8.630774e-03 0
2.484467e-02 -8.723607e-03 0
2.504249e-02 -8.812638e-03 0
2.523707e-02 -8.897833e-03 0
2.542800e-02 -8.979158e-03 0
2.561490e-02 -9.056582e-03 0
2.579737e-02 -9.130070e-03 0
2.597507e-02 -9.199591e-03 0
2.614764e-02 -9.265108e-03 0
2.631477e-02 -9.326589e-03 0
2.647613e-02 -9.383998e-03 0
2.663141e-02 -9.437285e-03 0
2.678031e-02 -9.486415e-03 0
2.692254e-02 -9.531353e-03 0
2.705780e-02 -9.572054e-03 0
2.718582e-02 -9.608467e-03 0
2.730632e-02 -9.640547e-03 0
2.741901e-02 -9.668258e-03 0
2.752363e-02 -9.691552e-03 0
2.761989e-02 -9.710377e-03 0
2.770750e-02 -9.724660e-03 0
2.778620e-02 -9.734352e-03 0
2.785570e-02 -9.739399e-03 0
2.791572e-02 -9.739750e-03 0
2.796598e-02 -9.735359e-03 0
2.800617e-02 -9.726143e-03 0
2.803595e-02 -9.712026e-03 0
2.805501e-02 -9.692947e-03 0
2.806301e-02 -9.668847e-03 0
2.805968e-02 -9.639675e-03 0
2.804469e-02 -9.605379e-03 0
2.801771e-02 -9.565906e-03 0
2.797851e-02 -9.521213e-03 0
2.792678e-02 -9.471258e-03 0
2.786349e-02 -9.416004e-03 0
2.779101e-02 -9.355444e-03 0
2.771162e-02 -9.289570e-03 0
2.762732e-02 -9.218373e-03 0
2.753986e-02 -9.141881e-03 0
2.745070e-02 -9.060133e-03 0
2.736099e-02 -8.973172e-03 0
2.727160e-02 -8.881059e-03 0
2.718304e-02 -8.783859e-03 0
2.709552e-02 -8.681649e-03 0
2.700890e-02 -8.574508e-03 0
2.692275e-02 -8.462519e-03 0
2.683635e-02 -8.345766e-03 0
2.674865e-02 -8.224328e-03 0
2.665829e-02 -8.098283e-03 0
2.656363e-02 -7.967702e-03 0
2.646266e-02 -7.832648e-03 0
2.635309e-02 -7.693176e-03 0
2.623229e-02 -7.549330e-03 0
2.609730e-02 -7.401142e-03 0
2.594489e-02 -7.248631e-03 0
2.577146e-02 -7.091802e-03 0
2.557314e-02 -6.930647e-03 0
2.534579e-02 -6.765141e-03 0
2.508495e-02 -6.595243e-03 0
2.478593e-02 -6.420899e-03 0
2.444378e-02 -6.242034e-03 0
2.405332e-02 -6.058559e-03 0
2.360917e-02 -5.870369e-03 0
2.315724e-02 -5.680938e-03 0
2.274584e-02 -5.493870e-03 0
2.237425e-02 -5.309298e-03 0
2.204182e-02 -5.127341e-03 0
2.174797e-02 -4.948100e-03 0
2.149219e-02 -4.771665e-03 0
2.127402e-02 -4.598113e-03 0
2.109309e-02 -4.427510e-03 0
2.094906e-02 -4.259909e-03 0
2.084067e-02 -4.095355e-03 0
2.076548e-02 -3.933883e-03 0
2.072088e-02 -3.775520e-03 0
2.070444e-02 -3.620283e-03 0
2.071386e-02 -3.468184e-03 0
2.074699e-02 -3.319227e-03 0
2.080179e-02 -3.173410e-03 0
2.087636e-02 -3.030726e-03 0
2.096891e-02 -2.891161e-03 0
2.107776e-02 -2.754697e-03 0
2.120132e-02 -2.621313e-03 0
2.133811e-02 -2.490983e-03 0
2.148673e-02 -2.363676e-03 0
2.164588e-02 -2.239360e-03 0
2.181432e-02 -2.117998e-03 0
2.199090e-02 -1.999551e-03 0
2.217454e-02 -1.883979e-03 0
2.236422e-02 -1.771238e-03 0
2.255899e-02 -1.661282e-03 0
2.275795e-02 -1.554064e-03 0
2.296025e-02 -1.449537e-03 0
2.316511e-02 -1.347649e-03 0
2.337179e-02 -1.248350e-03 0
2.357959e-02 -1.151588e-03 0
2.378784e-02 -1.057310e-03 0
2.399594e-02 -9.654622e-04 0
2.420331e-02 -8.759905e-04 0
2.440938e-02 -7.888402e-04 0
2.461365e-02 -7.039565e-04 0
2.481562e-02 -6.212839e-04 0
2.501484e-02 -5.407671e-04 0
2.521087e-02 -4.623505e-04 0
2.540328e-02 -3.859786e-04 0
2.559169e-02 -3.115957e-04 0
2.577571e-02 -2.391466e-04 0
2.595499e-02 -1.685758e-04 0
2.612918e-02 -9.982819e-05 0
2.629794e-02 -3.284898e-05 0
2.646095e-02 3.241653e-05 0
2.661790e-02 9.602267e-05 0
2.676849e-02 1.580235e-04 0
2.691243e-02 2.184727e-04 0
2.704942e-02 2.774238e-04 0
2.717917e-02 3.349296e-04 0
2.730141e-02 3.910430e-04 0
2.741585e-02 4.458162e-04 0
2.752222e-02 4.993012e-04 0
2.762024e-02 5.515496e-04 0
2.770963e-02 6.026127e-04 0
2.779009e-02 6.525414e-04 0
2.786134e-02 7.013864e-04 0
2.792308e-02 7.491980e-04 0
2.797502e-02 7.960263e-04 0
2.801686e-02 8.419209e-04 0
2.804828e-02 8.869314e-04 0
2.806897e-02 9.311073e-04 0
2.807861e-02 9.744976e-04 0
2.807687e-02 1.017151e-03 0
2.806346e-02 1.059117e-03 0
2.803807e-02 1.100444e-03 0
2.800040e-02 1.141181e-03 0
2.795016e-02 1.181377e-03 0
2.788833e-02 1.221079e-03 0
2.781731e-02 1.260336e-03 0
2.773935e-02 1.299188e-03 0
2.765647e-02 1.337674e-03 0
2.757039e-02 1.375826e-03 0
2.748256e-02 1.413675e-03 0
2.739414e-02 1.451246e-03 0
2.730597e-02 1.488562e-03 0
2.721856e-02 1.525643e-03 0
2.713209e-02 1.562503e-03 0
2.704643e-02 1.599157e-03 0
2.696115e-02 1.635890e-03 0
2.687550e-02 1.673595e-03 0
2.678844e-02 1.713433e-03 0
2.669860e-02 1.756441e-03 0
2.660431e-02 1.803543e-03 0
2.650357e-02 1.855556e-03 0
2.639406e-02 1.913200e-03 0
2.627312e-02 1.977100e-03 0
2.613779e-02 2.047799e-03 0
2.598477e-02 2.125759e-03 0
2.581046e-02 2.211370e-03 0
2.561095e-02 2.304954e-03 0
2.538205e-02 2.406771e-03 0
2.511928e-02 2.517022e-03 0
2.481788e-02 2.635857e-03 0
2.447287e-02 2.763376e-03 0
2.407902e-02 2.899633e-03 0
2.363087e-02 3.044642e-03 0
2.317466e-02 3.196220e-03 0
2.275901e-02 3.351866e-03 0
2.238320e-02 3.510958e-03 0
2.204656e-02 3.672918e-03 0
2.174851e-02 3.837206e-03 0
2.148853e-02 4.003322e-03 0
2.126615e-02 4.170801e-03 0
2.108100e-02 4.339212e-03 0
2.093274e-02 4.508155e-03 0
2.082033e-02 4.677258e-03 0
2.074154e-02 4.846178e-03 0
2.069374e-02 5.014599e-03 0
2.067446e-02 5.182226e-03 0
2.068140e-02 5.348788e-03 0
2.071236e-02 5.514035e-03 0
2.076531e-02 5.677738e-03 0
2.083831e-02 5.839684e-03 0
2.092955e-02 5.999678e-03 0
2.103733e-02 6.157542e-03 0
2.116006e-02 6.313111e-03 0
2.129623e-02 6.466234e-03 0
2.144444e-02 6.616775e-03 0
2.160335e-02 6.764608e-03 0
2.177174e-02 6.909617e-03 0
2.194843e-02 7.051696e-03 0
2.213232e-02 7.190748e-03 0
2.232240e-02 7.326686e-03 0
2.251769e-02 7.459429e-03 0
2.271729e-02 7.588901e-03 0
2.292035e-02 7.715036e-03 0
2.312607e-02 7.837772e-03 0
2.333371e-02 7.957051e-03 0
2.354254e-02 8.072822e-03 0
2.375192e-02 8.185035e-03 0
2.396122e-02 8.293645e-03 0
2.416984e-02 8.398611e-03 0
2.437725e-02 8.499895e-03 0
2.458290e-02 8.597458e-03 0
2.478632e-02 8.691266e-03 0
2.498703e-02 8.781285e-03 0
2.518459e-02 8.867480e-03 0
2.537857e-02 8.949818e-03 0
2.556859e-02 9.028267e-03 0
2.575426e-02 9.102795e-03 0
2.593522e-02 9.173369e-03 0
2.611110e-02 9.239957e-03 0
2.628159e-02 9.302526e-03 0
2.644636e-02 9.361037e-03 0
2.660508e-02 9.415457e-03 0
2.675747e-02 9.465751e-03 0
2.690321e-02 9.511862e-03 0
2.704201e-02 9.553746e-03 0
2.717359e-02 9.591349e-03 0
2.729767e-02 9.624630e-03 0
2.741396e-02 9.653561e-03 0
2.752219e-02 9.678068e-03 0
2.762205e-02 9.698079e-03 0
2.771329e-02 9.713545e-03 0
2.779560e-02 9.724431e-03 0
2.786872e-02 9.730693e-03 0
2.793234e-02 9.732251e-03 0
2.798619e-02 9.729066e-03 0
2.802998e-02 9.721095e-03 0
2.806337e-02 9.708245e-03 0
2.808600e-02 9.690433e-03 0
2.809758e-02 9.667606e-03 0
2.809777e-02 9.639707e-03 0
2.808621e-02 9.606675e-03 0
2.806260e-02 9.568459e-03 0
2.802669e-02 9.525011e-03 0
2.797816e-02 9.476286e-03 0
2.791797e-02 9.422239e-03 0
2.784854e-02 9.362840e-03 0
2.777211e-02 9.298077e-03 0
2.769069e-02 9.227955e-03 0
2.760600e-02 9.152496e-03 0
2.751951e-02 9.071729e-03 0
2.743234e-02 8.985687e-03 0
2.734533e-02 8.894417e-03 0
2.725899e-02 8.797973e-03 0
2.717349e-02 8.696420e-03 0
2.708869e-02 8.589825e-03 0
2.700416e-02 8.478257e-03 0
2.691915e-02 8.361786e-03 0
2.683261e-02 8.240476e-03 0
2.674316e-02 8.114391e-03 0
2.664911e-02 7.983584e-03 0
2.654845e-02 7.848104e-03 0
2.643884e-02 7.707987e-03 0
2.631762e-02 7.563261e-03 0
2.618179e-02 7.413940e-03 0
2.602804e-02 7.260025e-03 0
2.585273e-02 7.101502e-03 0
2.565192e-02 6.938345e-03 0
2.542139e-02 6.770509e-03 0
2.515660e-02 6.597935e-03 0
2.485278e-02 6.420547e-03 0
2.450487e-02 6.238252e-03 0
2.410761e-02 6.050939e-03 0
2.365549e-02 5.858482e-03 0
2.319502e-02 5.664712e-03 0
2.277515e-02 5.473591e-03 0
2.239515e-02 5.285235e-03 0
2.205434e-02 5.099748e-03 0
2.175213e-02 4.917217e-03 0
2.148799e-02 4.737717e-03 0
2.126146e-02 4.561313e-03 0
2.107215e-02 4.388057e-03 0
2.091972e-02 4.217991e-03 0
2.080335e-02 4.051150e-03 0
2.072099e-02 3.887556e-03 0
2.067000e-02 3.727228e-03 0
2.064790e-02 3.570173e-03 0
2.065234e-02 3.416394e-03 0
2.068112e-02 3.265886e-03 0
2.073218e-02 3.118641e-03 0
2.080355e-02 2.974642e-03 0
2.089343e-02 2.833869e-03 0
2.100009e-02 2.696299e-03 0
2.112192e-02 2.561902e-03 0
2.125739e-02 2.430647e-03 0
2.140510e-02 2.302498e-03 0
2.156370e-02 2.177416e-03 0
2.173193e-02 2.055361e-03 0
2.190863e-02 1.936289e-03 0
2.209268e-02 1.820154e-03 0
2.228305e-02 1.706909e-03 0
2.247875e-02 1.596504e-03 0
2.267889e-02 1.488888e-03 0
2.288259e-02 1.384010e-03 0
2.308906e-02 1.281816e-03 0
2.329753e-02 1.182252e-03 0
2.350729e-02 1.085263e-03 0
2.371768e-02 9.907939e-04 0
2.392806e-02 8.987876e-04 0
2.413783e-02 8.091878e-04 0
2.434645e-02 7.219377e-04 0
2.455338e-02 6.369801e-04 0
2.475812e-02 5.542577e-04 0
2.496020e-02 4.737132e-04 0
2.515918e-02 3.952892e-04 0
2.535462e-02 3.189286e-04 0
2.554614e-02 2.445741e-04 0
2.573333e-02 1.721690e-04 0
2.591585e-02 1.016564e-04 0
2.609332e-02 3.298016e-05 0
2.626542e-02 -3.391599e-05 0
2.643182e-02 -9.908776e-05 0
2.659220e-02 -1.625905e-04 0
2.674626e-02 -2.244794e-04 0
2.689369e-02 -2.848089e-04 0
2.703420e-02 -3.436333e-04 0
2.716750e-02 -4.010065e-04 0
2.729330e-02 -4.569818e-04 0
2.741133e-02 -5.116123e-04 0
2.752130e-02 -5.649505e-04 0
2.762292e-02 -6.170488e-04 0
2.771592e-02 -6.679589e-04 0
2.780001e-02 -7.177322e-04 0
2.787488e-02 -7.664199e-04 0
2.794026e-02 -8.140727e-04 0
2.799584e-02 -8.607411e-04 0
2.804131e-02 -9.064752e-04 0
2.807635e-02 -9.513249e-04 0
2.810066e-02 -9.953399e-04 0
2.811389e-02 -1.038570e-03 0
2.811572e-02 -1.081063e-03 0
2.810581e-02 -1.122870e-03 0
2.808384e-02 -1.164039e-03 0
2.804950e-02 -1.204618e-03 0
2.800244e-02 -1.244658e-03 0
2.794370e-02 -1.284206e-03 0
2.787571e-02 -1.323310e-03 0
2.780070e-02 -1.362012e-03 0
2.772067e-02 -1.400348e-03 0
2.763735e-02 -1.438354e-03 0
2.755216e-02 -1.476058e-03 0
2.746625e-02 -1.513487e-03 0
2.738043e-02 -1.550663e-03 0
2.729521e-02 -1.587605e-03 0
2.721074e-02 -1.624330e-03 0
2.712689e-02 -1.660851e-03 0
2.704321e-02 -1.697333e-03 0
2.695895e-02 -1.734558e-03 0
2.687303e-02 -1.773710e-03 0
2.678409e-02 -1.815846e-03 0
2.669042e-02 -1.861910e-03 0
2.658998e-02 -1.912735e-03 0
2.648043e-02 -1.969058e-03 0
2.635906e-02 -2.031520e-03 0
2.622288e-02 -2.100676e-03 0
2.606852e-02 -2.177003e-03 0
2.589234e-02 -2.260904e-03 0
2.569035e-02 -2.352710e-03 0
2.545828e-02 -2.452693e-03 0
2.519157e-02 -2.561064e-03 0
2.488539e-02 -2.677981e-03 0
2.453464e-02 -2.803552e-03 0
2.413399e-02 -2.937840e-03 0
2.367790e-02 -3.080865e-03 0
2.321317e-02 -3.230450e-03 0
2.278907e-02 -3.384099e-03 0
2.240486e-02 -3.541192e-03 0
2.205986e-02 -3.701151e-03 0
2.175347e-02 -3.863439e-03 0
2.148515e-02 -4.027557e-03 0
2.125444e-02 -4.193042e-03 0
2.106093e-02 -4.359463e-03 0
2.090429e-02 -4.526420e-03 0
2.078389e-02 -4.693545e-03 0
2.069792e-02 -4.860493e-03 0
2.064372e-02 -5.026950e-03 0
2.061877e-02 -5.192621e-03 0
2.062070e-02 -5.357236e-03 0
2.064730e-02 -5.520546e-03 0
2.069647e-02 -5.682321e-03 0
2.076625e-02 -5.842348e-03 0
2.085479e-02 -6.000434e-03 0
2.096036e-02 -6.156399e-03 0
2.108133e-02 -6.310080e-03 0
2.121616e-02 -6.461326e-03 0
2.136342e-02 -6.610000e-03 0
2.152176e-02 -6.755975e-03 0
2.168991e-02 -6.899137e-03 0
2.186668e-02 -7.039380e-03 0
2.205096e-02 -7.176607e-03 0
2.224169e-02 -7.310728e-03 0
2.243789e-02 -7.441664e-03 0
2.263864e-02 -7.569339e-03 0
2.284307e-02 -7.693687e-03 0
2.305037e-02 -7.814645e-03 0
2.325976e-02 -7.932155e-03 0
2.347053e-02 -8.046165e-03 0
2.368201e-02 -8.156626e-03 0
2.389355e-02 -8.263493e-03 0
2.410456e-02 -8.366724e-03 0
2.431448e-02 -8.466278e-03 0
2.452276e-02 -8.562120e-03 0
2.472891e-02 -8.654214e-03 0
2.493245e-02 -8.742524e-03 0
2.513293e-02 -8.827018e-03 0
2.532993e-02 -8.907663e-03 0
2.552303e-02 -8.984425e-03 0
2.571184e-02 -9.057273e-03 0
2.589600e-02 -9.126174e-03 0
2.607516e-02 -9.191095e-03 0
2.624896e-02 -9.252004e-03 0
2.641709e-02 -9.308865e-03 0
2.657922e-02 -9.361639e-03 0
2.673504e-02 -9.410289e-03 0
2.688425e-02 -9.454769e-03 0
2.702655e-02 -9.495017e-03 0
2.716166e-02 -9.531004e-03 0
2.728929e-02 -9.562703e-03 0
2.740916e-02 -9.590061e-03 0
2.752097e-02 -9.613029e-03 0
2.762445e-02 -9.631537e-03 0
2.771931e-02 -9.645528e-03 0
2.780526e-02 -9.654963e-03 0
2.788203e-02 -9.659785e-03 0
2.794930e-02 -9.659930e-03 0
2.800676e-02 -9.655322e-03 0
2.805412e-02 -9.645899e-03 0
2.809104e-02 -9.631600e-03 0
2.811720e-02 -9.612370e-03 0
2.813230e-02 -9.588157e-03 0
2.813603e-02 -9.558912e-03 0
2.812802e-02 -9.524579e-03 0
2.810789e-02 -9.485107e-03 0
2.807531e-02 -9.440451e-03 0
2.802995e-02 -9.390572e-03 0
2.797286e-02 -9.335435e-03 0
2.790645e-02 -9.275039e-03 0
2.783296e-02 -9.209375e-03 0
2.775440e-02 -9.138436e-03 0
2.767248e-02 -9.062251e-03 0
2.758862e-02 -8.980860e-03 0
2.750395e-02 -8.894310e-03 0
2.741930e-02 -8.802661e-03 0
2.733514e-02 -8.705983e-03 0
2.725163e-02 -8.604353e-03 0
2.716864e-02 -8.497855e-03 0
2.708571e-02 -8.386574e-03 0
2.700209e-02 -8.270594e-03 0
2.691670e-02 -8.150001e-03 0
2.682815e-02 -8.024873e-03 0
2.673473e-02 -7.895284e-03 0
2.663440e-02 -7.761303e-03 0
2.652478e-02 -7.622985e-03 0
2.640316e-02 -7.480379e-03 0
2.626651e-02 -7.333520e-03 0
2.611145e-02 -7.182430e-03 0
2.593430e-02 -7.027120e-03 0
2.573105e-02 -6.867583e-03 0
2.549738e-02 -6.703799e-03 0
2.522869e-02 -6.535733e-03 0
2.492011e-02 -6.363332e-03 0
2.456650e-02 -6.186528e-03 0
2.416247e-02 -6.005237e-03 0
2.370242e-02 -5.819355e-03 0
2.323346e-02 -5.632244e-03 0
2.280517e-02 -5.447391e-03 0
2.241679e-02 -5.264934e-03 0
2.206764e-02 -5.084995e-03 0
2.175712e-02 -4.907681e-03 0
2.148469e-02 -4.733086e-03 0
2.124985e-02 -4.561291e-03 0
2.105220e-02 -4.392364e-03 0
2.089140e-02 -4.226365e-03 0
2.076701e-02 -4.063339e-03 0
2.067742e-02 -3.903327e-03 0
2.061998e-02 -3.746356e-03 0
2.059215e-02 -3.592449e-03 0
2.059155e-02 -3.441619e-03 0
2.061592e-02 -3.293874e-03 0
2.066316e-02 -3.149214e-03 0
2.073129e-02 -3.007634e-03 0
2.081845e-02 -2.869123e-03 0
2.092286e-02 -2.733666e-03 0
2.104291e-02 -2.601243e-03 0
2.117703e-02 -2.471829e-03 0
2.132377e-02 -2.345398e-03 0
2.148178e-02 -2.221917e-03 0
2.164976e-02 -2.101352e-03 0
2.182653e-02 -1.983667e-03 0
2.201095e-02 -1.868822e-03 0
2.220197e-02 -1.756774e-03 0
2.239858e-02 -1.647480e-03 0
2.259986e-02 -1.540894e-03 0
2.280493e-02 -1.436970e-03 0
2.301297e-02 -1.335658e-03 0
2.322320e-02 -1.236908e-03 0
2.343490e-02 -1.140670e-03 0
2.364739e-02 -1.046893e-03 0
2.386002e-02 -9.555225e-04 0
2.407219e-02 -8.665066e-04 0
2.428332e-02 -7.797915e-04 0
2.449288e-02 -6.953229e-04 0
2.470036e-02 -6.130467e-04 0
2.490528e-02 -5.329081e-04 0
2.510718e-02 -4.548525e-04 0
2.530564e-02 -3.788250e-04 0
2.550024e-02 -3.047709e-04 0
2.569060e-02 -2.326355e-04 0
2.587633e-02 -1.623641e-04 0
2.605708e-02 -9.390223e-05 0
2.623251e-02 -2.719567e-05 0
2.640228e-02 3.780965e-05 0
2.656607e-02 1.011675e-04 0
2.672358e-02 1.629314e-04 0
2.687449e-02 2.231546e-04 0
2.701851e-02 2.818898e-04 0
2.715535e-02 3.391898e-04 0
2.728471e-02 3.951067e-04 0
2.740632e-02 4.496925e-04 0
2.751988e-02 5.029986e-04 0
2.762511e-02 5.550764e-04 0
2.772173e-02 6.059766e-04 0
2.780943e-02 6.557500e-04 0
2.788794e-02 7.044468e-04 0
2.795695e-02 7.521169e-04 0
2.801616e-02 7.988101e-04 0
2.806526e-02 8.445760e-04 0
2.810394e-02 8.894637e-04 0
2.813186e-02 9.335223e-04 0
2.814870e-02 9.768008e-04 0
2.815411e-02 1.019348e-03 0
2.814775e-02 1.061212e-03 0
2.812927e-02 1.102442e-03 0
2.809834e-02 1.143086e-03 0
2.805460e-02 1.183193e-03 0
2.799908e-02 1.222812e-03 0
2.793421e-02 1.261988e-03 0
2.786223e-02 1.300763e-03 0
2.778513e-02 1.339175e-03 0
2.770461e-02 1.377258e-03 0
2.762210e-02 1.415040e-03 0
2.753872e-02 1.452548e-03 0
2.745527e-02 1.489804e-03 0
2.737223e-02 1.526826e-03 0
2.728976e-02 1.563632e-03 0
2.720771e-02 1.600233e-03 0
2.712562e-02 1.636919e-03 0
2.704273e-02 1.674587e-03 0
2.695796e-02 1.714396e-03 0
2.686990e-02 1.757382e-03 0
2.677684e-02 1.804470e-03 0
2.667672e-02 1.856476e-03 0
2.656714e-02 1.914117e-03 0
2.644537e-02 1.978021e-03 0
2.630835e-02 2.048727e-03 0
2.615269e-02 2.126698e-03 0
2.597466e-02 2.212325e-03 0
2.577023e-02 2.305927e-03 0
2.553503e-02 2.407765e-03 0
2.526444e-02 2.518041e-03 0
2.495351e-02 2.636902e-03 0
2.459708e-02 2.764448e-03 0
2.418970e-02 2.900734e-03 0
2.372572e-02 3.045774e-03 0
2.325254e-02 3.197384e-03 0
2.282006e-02 3.353063e-03 0
2.242752e-02 3.512188e-03 0
2.207423e-02 3.674181e-03 0
2.175958e-02 3.838504e-03 0
2.148301e-02 4.004655e-03 0
2.124404e-02 4.172169e-03 0
2.104226e-02 4.340615e-03 0
2.087730e-02 4.509593e-03 0
2.074885e-02 4.678732e-03 0
2.065549e-02 4.847688e-03 0
2.059467e-02 5.016145e-03 0
2.056385e-02 5.183807e-03 0
2.056061e-02 5.350405e-03 0
2.058268e-02 5.515688e-03 0
2.062793e-02 5.679427e-03 0
2.069436e-02 5.841408e-03 0
2.078008e-02 6.001437e-03 0
2.088332e-02 6.159334e-03 0
2.100242e-02 6.314938e-03 0
2.113582e-02 6.468095e-03 0
2.128205e-02 6.618668e-03 0
2.143973e-02 6.766530e-03 0
2.160758e-02 6.911569e-03 0
2.178437e-02 7.053678e-03 0
2.196897e-02 7.192760e-03 0
2.216030e-02 7.328727e-03 0
2.235737e-02 7.461499e-03 0
2.255923e-02 7.591000e-03 0
2.276499e-02 7.717163e-03 0
2.297383e-02 7.839927e-03 0
2.318496e-02 7.959234e-03 0
2.339764e-02 8.075032e-03 0
2.361120e-02 8.187271e-03 0
2.382498e-02 8.295908e-03 0
2.403836e-02 8.400900e-03 0
2.425077e-02 8.502207e-03 0
2.446168e-02 8.599793e-03 0
2.467056e-02 8.693623e-03 0
2.487693e-02 8.783662e-03 0
2.508034e-02 8.869876e-03 0
2.528034e-02 8.952234e-03 0
2.547652e-02 9.030702e-03 0
2.566849e-02 9.105249e-03 0
2.585587e-02 9.175843e-03 0
2.603830e-02 9.242449e-03 0
2.621543e-02 9.305036e-03 0
2.638693e-02 9.363569e-03 0
2.655247e-02 9.418011e-03 0
2.671175e-02 9.468325e-03 0
2.686445e-02 9.514460e-03 0
2.701027e-02 9.556354e-03 0
2.714891e-02 9.593973e-03 0
2.728010e-02 9.627286e-03 0
2.740355e-02 9.656243e-03 0
2.751895e-02 9.680781e-03 0
2.762604e-02 9.700843e-03 0
2.772451e-02 9.716395e-03 0
2.781409e-02 9.727375e-03 0
2.789447e-02 9.733725e-03 0
2.796537e-02 9.735385e-03 0
2.802649e-02 9.732294e-03 0
2.807751e-02 9.724383e-03 0
2.811810e-02 9.711570e-03 0
2.814795e-02 9.693798e-03 0
2.816673e-02 9.671006e-03 0
2.817407e-02 9.643133e-03 0
2.816960e-02 9.610118e-03 0
2.815298e-02 9.571910e-03 0
2.812387e-02 9.528460e-03 0
2.808188e-02 9.479723e-03 0
2.802806e-02 9.425658e-03 0
2.796482e-02 9.366236e-03 0
2.789440e-02 9.301446e-03 0
2.781879e-02 9.231295e-03 0
2.773970e-02 9.155806e-03 0
2.765853e-02 9.075004e-03 0
2.757641e-02 8.988922e-03 0
2.749413e-02 8.897606e-03 0
2.741216e-02 8.801115e-03 0
2.733066e-02 8.699512e-03 0
2.724948e-02 8.592866e-03 0
2.716815e-02 8.481246e-03 0
2.708591e-02 8.364721e-03 0
2.700167e-02 8.243358e-03 0
2.691402e-02 8.117218e-03 0
2.682123e-02 7.986356e-03 0
2.672122e-02 7.850820e-03 0
2.661158e-02 7.710648e-03 0
2.648957e-02 7.565866e-03 0
2.635211e-02 7.416490e-03 0
2.619577e-02 7.262519e-03 0
2.601679e-02 7.103942e-03 0
2.581111e-02 6.940731e-03 0
2.557434e-02 6.772841e-03 0
2.530179e-02 6.600214e-03 0
2.498850e-02 6.422773e-03 0
2.462923e-02 6.240426e-03 0
2.421850e-02 6.053063e-03 0
2.375060e-02 5.860556e-03 0
2.327322e-02 5.666736e-03 0
2.283658e-02 5.475566e-03 0
2.243990e-02 5.287163e-03 0
2.208250e-02 5.101628e-03 0
2.176374e-02 4.919049e-03 0
2.148309e-02 4.739503e-03 0
2.124003e-02 4.563053e-03 0
2.103415e-02 4.389752e-03 0
2.086508e-02 4.219642e-03 0
2.073253e-02 4.052757e-03 0
2.063532e-02 3.889121e-03 0
2.057107e-02 3.728750e-03 0
2.053719e-02 3.571654e-03 0
2.053124e-02 3.417834e-03 0
2.055094e-02 3.267287e-03 0
2.059412e-02 3.120002e-03 0
2.065878e-02 2.975965e-03 0
2.074300e-02 2.835155e-03 0
2.084500e-02 2.697548e-03 0
2.096309e-02 2.563116e-03 0
2.109571e-02 2.431825e-03 0
2.124136e-02 2.303642e-03 0
2.139866e-02 2.178527e-03 0
2.156630e-02 2.056439e-03 0
2.174305e-02 1.937335e-03 0
2.192777e-02 1.821169e-03 0
2.211936e-02 1.707894e-03 0
2.231683e-02 1.597459e-03 0
2.251921e-02 1.489815e-03 0
2.272561e-02 1.384908e-03 0
2.293519e-02 1.282687e-03 0
2.314717e-02 1.183097e-03 0
2.336079e-02 1.086082e-03 0
2.357537e-02 9.915870e-04 0
2.379025e-02 8.995561e-04 0
2.400481e-02 8.099325e-04 0
2.421846e-02 7.226591e-04 0
2.443067e-02 6.376789e-04 0
2.464091e-02 5.549345e-04 0
2.484869e-02 4.743685e-04 0
2.505355e-02 3.959238e-04 0
2.525505e-02 3.195429e-04 0
2.545277e-02 2.451688e-04 0
2.564632e-02 1.727446e-04 0
2.583530e-02 1.022136e-04 0
2.601937e-02 3.351933e-05 0
2.619816e-02 -3.339427e-05 0
2.637135e-02 -9.858298e-05 0
2.653860e-02 -1.621022e-04 0
2.669959e-02 -2.240070e-04 0
2.685403e-02 -2.843520e-04 0
2.700161e-02 -3.431914e-04 0
2.714203e-02 -4.005791e-04 0
2.727500e-02 -4.565685e-04 0
2.740023e-02 -5.112127e-04 0
2.751744e-02 -5.645642e-04 0
2.762632e-02 -6.166753e-04 0
2.772659e-02 -6.675979e-04 0
2.781797e-02 -7.173832e-04 0
2.790015e-02 -7.660826e-04 0
2.797284e-02 -8.137468e-04 0
2.803574e-02 -8.604261e-04 0
2.808852e-02 -9.061708e-04 0
2.813087e-02 -9.510308e-04 0
2.816246e-02 -9.950557e-04 0
2.818296e-02 -1.038295e-03 0
2.819202e-02 -1.080798e-03 0
2.818927e-02 -1.122614e-03 0
2.817437e-02 -1.163791e-03 0
2.814696e-02 -1.204379e-03 0
2.810665e-02 -1.244427e-03 0
2.805447e-02 -1.283983e-03 0
2.799283e-02 -1.323095e-03 0
2.792397e-02 -1.361804e-03 0
2.784987e-02 -1.400147e-03 0
2.777222e-02 -1.438160e-03 0
2.769244e-02 -1.475871e-03 0
2.761164e-02 -1.513306e-03 0
2.753059e-02 -1.550488e-03 0
2.744978e-02 -1.587437e-03 0
2.736934e-02 -1.624168e-03 0
2.728911e-02 -1.660694e-03 0
2.720864e-02 -1.697182e-03 0
2.712716e-02 -1.734414e-03 0
2.704355e-02 -1.773574e-03 0
2.695642e-02 -1.815719e-03 0
2.686400e-02 -1.861791e-03 0
2.676421e-02 -1.912626e-03 0
2.665464e-02 -1.968959e-03 0
2.653250e-02 -2.031431e-03 0
2.639469e-02 -2.100598e-03 0
2.623776e-02 -2.176936e-03 0
2.605792e-02 -2.260847e-03 0
2.585108e-02 -2.352665e-03 0
2.561279e-02 -2.452660e-03 0
2.533834e-02 -2.561042e-03 0
2.502272e-02 -2.677970e-03 0
2.466064e-02 -2.803553e-03 0
2.424657e-02 -2.937852e-03 0
2.377473e-02 -3.080888e-03 0
2.329313e-02 -3.230485e-03 0
2.285230e-02 -3.384145e-03 0
2.245146e-02 -3.541248e-03 0
2.208992e-02 -3.701218e-03 0
2.176705e-02 -3.863517e-03 0
2.148227e-02 -4.027646e-03 0
2.123509e-02 -4.193141e-03 0
2.102508e-02 -4.359571e-03 0
2.085187e-02 -4.526539e-03 0
2.071515e-02 -4.693673e-03 0
2.061397e-02 -4.860631e-03 0
2.054617e-02 -5.027097e-03 0
2.050914e-02 -5.192777e-03 0
2.050041e-02 -5.357402e-03 0
2.051767e-02 -5.520721e-03 0
2.055875e-02 -5.682504e-03 0
2.062160e-02 -5.842540e-03 0
2.070429e-02 -6.000634e-03 0
2.080503e-02 -6.156608e-03 0
2.092210e-02 -6.310297e-03 0
2.105393e-02 -6.461551e-03 0
2.119901e-02 -6.610231e-03 0
2.135594e-02 -6.756211e-03 0
2.152339e-02 -6.899378e-03 0
2.170013e-02 -7.039626e-03 0
2.188500e-02 -7.176858e-03 0
2.207689e-02 -7.310984e-03 0
2.227479e-02 -7.441925e-03 0
2.247774e-02 -7.569606e-03 0
2.268482e-02 -7.693959e-03 0
2.289520e-02 -7.814922e-03 0
2.310807e-02 -7.932438e-03 0
2.332269e-02 -8.046453e-03 0
2.353835e-02 -8.156920e-03 0
2.375438e-02 -8.263792e-03 0
2.397017e-02 -8.367028e-03 0
2.418513e-02 -8.466588e-03 0
2.439869e-02 -8.562434e-03 0
2.461035e-02 -8.654532e-03 0
2.481961e-02 -8.742846e-03 0
2.502599e-02 -8.827345e-03 0
2.522906e-02 -8.907993e-03 0
2.542838e-02 -8.984760e-03 0
2.562357e-02 -9.057613e-03 0
2.581423e-02 -9.126519e-03 0
2.600000e-02 -9.191448e-03 0
2.618053e-02 -9.252364e-03 0
2.635547e-02 -9.309231e-03 0
2.652450e-02 -9.362014e-03 0
2.668729e-02 -9.410675e-03 0
2.684355e-02 -9.455167e-03 0
2.699295e-02 -9.495437e-03 0
2.713521e-02 -9.531427e-03 0
2.727003e-02 -9.563098e-03 0
2.739712e-02 -9.590406e-03 0
2.751619e-02 -9.613303e-03 0
2.762695e-02 -9.631739e-03 0
2.772910e-02 -9.645665e-03 0
2.782236e-02 -9.655035e-03 0
2.790644e-02 -9.659790e-03 0
2.798103e-02 -9.659877e-03 0
2.804583e-02 -9.655230e-03 0
2.810051e-02 -9.645782e-03 0
2.814477e-02 -9.631472e-03 0
2.817826e-02 -9.612240e-03 0
2.820065e-02 -9.588028e-03 0
2.821157e-02 -9.558781e-03 0
2.821068e-02 -9.524449e-03 0
2.819761e-02 -9.484982e-03 0
2.817199e-02 -9.440334e-03 0
2.813344e-02 -9.390467e-03 0
2.808296e-02 -9.335345e-03 0
2.802296e-02 -9.274945e-03 0
2.795569e-02 -9.209261e-03 0
2.788311e-02 -9.138305e-03 0
2.780691e-02 -9.062109e-03 0
2.772851e-02 -8.980710e-03 0
2.764900e-02 -8.894155e-03 0
2.756916e-02 -8.802502e-03 0
2.748945e-02 -8.705823e-03 0
2.741002e-02 -8.604194e-03 0
2.733071e-02 -8.497699e-03 0
2.725105e-02 -8.386421e-03 0
2.717026e-02 -8.270446e-03 0
2.708725e-02 -8.149856e-03 0
2.700057e-02 -8.024732e-03 0
2.690847e-02 -7.895146e-03 0
2.680885e-02 -7.761165e-03 0
2.669927e-02 -7.622846e-03 0
2.657694e-02 -7.480237e-03 0
2.643872e-02 -7.333371e-03 0
2.628115e-02 -7.182272e-03 0
2.610041e-02 -7.026947e-03 0
2.589235e-02 -6.867393e-03 0
2.565252e-02 -6.703587e-03 0
2.537614e-02 -6.535494e-03 0
2.505816e-02 -6.363061e-03 0
2.469325e-02 -6.186219e-03 0
2.427581e-02 -6.004884e-03 0
2.380003e-02 -5.818953e-03 0
2.331420e-02 -5.631791e-03 0
2.286917e-02 -5.446892e-03 0
2.246417e-02 -5.264394e-03 0
2.209848e-02 -5.084419e-03 0
2.177147e-02 -4.907072e-03 0
2.148258e-02 -4.732449e-03 0
2.123128e-02 -4.560628e-03 0
2.101713e-02 -4.391680e-03 0
2.083978e-02 -4.225661e-03 0
2.069890e-02 -4.062620e-03 0
2.059376e-02 -3.902594e-03 0
2.052242e-02 -3.745612e-03 0
2.048223e-02 -3.591696e-03 0
2.047071e-02 -3.440860e-03 0
2.048552e-02 -3.293110e-03 0
2.052447e-02 -3.148447e-03 0
2.058549e-02 -3.006865e-03 0
2.066664e-02 -2.868354e-03 0
2.076609e-02 -2.732898e-03 0
2.088213e-02 -2.600478e-03 0
2.101315e-02 -2.471068e-03 0
2.115763e-02 -2.344641e-03 0
2.131416e-02 -2.221166e-03 0
2.148139e-02 -2.100608e-03 0
2.165809e-02 -1.982930e-03 0
2.184307e-02 -1.868093e-03 0
2.203523e-02 -1.756054e-03 0
2.223354e-02 -1.646769e-03 0
2.243702e-02 -1.540193e-03 0
2.264476e-02 -1.436279e-03 0
2.285589e-02 -1.334977e-03 0
2.306963e-02 -1.236239e-03 0
2.328520e-02 -1.140012e-03 0
2.350191e-02 -1.046246e-03 0
2.371907e-02 -9.548876e-04 0
2.393606e-02 -8.658836e-04 0
2.415229e-02 -7.791804e-04 0
2.436719e-02 -6.947239e-04 0
2.458024e-02 -6.124598e-04 0
2.479093e-02 -5.323333e-04 0
2.499880e-02 -4.542899e-04 0
2.520340e-02 -3.782746e-04 0
2.540430e-02 -3.042327e-04 0
2.560109e-02 -2.321093e-04 0
2.579339e-02 -1.618500e-04 0
2.598083e-02 -9.340008e-05 0
2.616306e-02 -2.670539e-05 0
2.633972e-02 3.828817e-05 0
2.651049e-02 1.016344e-04 0
2.667504e-02 1.633868e-04 0
2.683307e-02 2.235986e-04 0
2.698427e-02 2.823227e-04 0
2.712834e-02 3.396116e-04 0
2.726498e-02 3.955176e-04 0
2.739389e-02 4.500926e-04 0
2.751479e-02 5.033882e-04 0
2.762739e-02 5.554556e-04 0
2.773139e-02 6.063457e-04 0
2.782650e-02 6.561090e-04 0
2.791242e-02 7.047959e-04 0
2.798884e-02 7.524564e-04 0
2.805547e-02 7.991402e-04 0
2.811199e-02 8.448969e-04 0
2.815807e-02 8.897755e-04 0
2.819339e-02 9.338253e-04 0
2.821760e-02 9.770950e-04 0
2.823036e-02 1.019634e-03 0
2.823129e-02 1.061489e-03 0
2.822003e-02 1.102711e-03 0
2.819621e-02 1.143348e-03 0
2.815941e-02 1.183447e-03 0
2.811066e-02 1.223058e-03 0
2.805233e-02 1.262227e-03 0
2.798666e-02 1.300995e-03 0
2.791562e-02 1.339400e-03 0
2.784090e-02 1.377476e-03 0
2.776389e-02 1.415251e-03 0
2.768569e-02 1.452753e-03 0
2.760708e-02 1.490002e-03 0
2.752852e-02 1.527018e-03 0
2.745013e-02 1.563818e-03 0
2.737178e-02 1.600413e-03 0
2.729297e-02 1.637093e-03 0
2.721292e-02 1.674752e-03 0
2.713053e-02 1.714551e-03 0
2.704435e-02 1.757526e-03 0
2.695260e-02 1.804601e-03 0
2.685319e-02 1.856592e-03 0
2.674364e-02 1.914218e-03 0
2.662116e-02 1.978106e-03 0
2.648258e-02 2.048795e-03 0
2.632440e-02 2.126750e-03 0
2.614279e-02 2.212358e-03 0
2.593355e-02 2.305942e-03 0
2.569220e-02 2.407762e-03 0
2.541392e-02 2.518019e-03 0
2.509361e-02 2.636861e-03 0
2.472589e-02 2.764388e-03 0
2.430513e-02 2.900656e-03 0
2.382543e-02 3.045676e-03 0
2.333539e-02 3.197268e-03 0
2.288619e-02 3.352928e-03 0
2.247705e-02 3.512035e-03 0
2.210725e-02 3.674010e-03 0
2.177615e-02 3.838314e-03 0
2.148316e-02 4.004447e-03 0
2.122777e-02 4.171944e-03 0
2.100954e-02 4.340373e-03 0
2.082807e-02 4.509334e-03 0
2.068307e-02 4.678455e-03 0
2.057399e-02 4.847395e-03 0
2.049911e-02 5.015834e-03 0
2.045577e-02 5.183480e-03 0
2.044147e-02 5.350062e-03 0
2.045384e-02 5.515330e-03 0
2.049066e-02 5.679053e-03 0
2.054985e-02 5.841019e-03 0
2.062944e-02 6.001033e-03 0
2.072760e-02 6.158916e-03 0
2.084259e-02 6.314504e-03 0
2.097278e-02 6.467646e-03 0
2.111665e-02 6.618204e-03 0
2.127277e-02 6.766055e-03 0
2.143977e-02 6.911081e-03 0
2.161641e-02 7.053178e-03 0
2.180149e-02 7.192249e-03 0
2.199390e-02 7.328204e-03 0
2.219259e-02 7.460964e-03 0
2.239658e-02 7.590454e-03 0
2.260495e-02 7.716607e-03 0
2.281683e-02 7.839360e-03 0
2.303140e-02 7.958656e-03 0
2.324791e-02 8.074444e-03 0
2.346564e-02 8.186673e-03 0
2.368390e-02 8.295300e-03 0
2.390206e-02 8.400282e-03 0
2.411953e-02 8.501580e-03 0
2.433574e-02 8.599156e-03 0
2.455015e-02 8.692976e-03 0
2.476226e-02 8.783005e-03 0
2.497160e-02 8.869211e-03 0
2.517770e-02 8.951559e-03 0
2.538015e-02 9.030019e-03 0
2.557854e-02 9.104557e-03 0
2.577246e-02 9.175141e-03 0
2.596155e-02 9.241737e-03 0
2.614545e-02 9.304312e-03 0
2.632382e-02 9.362832e-03 0
2.649632e-02 9.417261e-03 0
2.666262e-02 9.467563e-03 0
2.682242e-02 9.513686e-03 0
2.697540e-02 9.555578e-03 0
2.712126e-02 9.593181e-03 0
2.725970e-02 9.626445e-03 0
2.739043e-02 9.655322e-03 0
2.751316e-02 9.679785e-03 0
2.762759e-02 9.699797e-03 0
2.773343e-02 9.715282e-03 0
2.783038e-02 9.726183e-03 0
2.791816e-02 9.732457e-03 0
2.799645e-02 9.734061e-03 0
2.806496e-02 9.730931e-03 0
2.812336e-02 9.722992e-03 0
2.817136e-02 9.710195e-03 0
2.820862e-02 9.692477e-03 0
2.823480e-02 9.669767e-03 0
2.824953e-02 9.641984e-03 0
2.825241e-02 9.609053e-03 0
2.824306e-02 9.570921e-03 0
2.822110e-02 9.527541e-03 0
2.818614e-02 9.478867e-03 0
2.813915e-02 9.424859e-03 0
2.808252e-02 9.365490e-03 0
2.801846e-02 9.300749e-03 0
2.794896e-02 9.230639e-03 0
2.787569e-02 9.155185e-03 0
2.780005e-02 9.074416e-03 0
2.772314e-02 8.988364e-03 0
2.764572e-02 8.897077e-03 0
2.756823e-02 8.800611e-03 0
2.749083e-02 8.699033e-03 0
2.741335e-02 8.592409e-03 0
2.733531e-02 8.480810e-03 0
2.725592e-02 8.364305e-03 0
2.717406e-02 8.242961e-03 0
2.708830e-02 8.116838e-03 0
2.699685e-02 7.985995e-03 0
2.689757e-02 7.850476e-03 0
2.678800e-02 7.710322e-03 0
2.666530e-02 7.565557e-03 0
2.652631e-02 7.416198e-03 0
2.636748e-02 7.262246e-03 0
2.618496e-02 7.103687e-03 0
2.597453e-02 6.940494e-03 0
2.573165e-02 6.772625e-03 0
2.545147e-02 6.600018e-03 0
2.512884e-02 6.422599e-03 0
2.475834e-02 6.240276e-03 0
2.433428e-02 6.052937e-03 0
2.385071e-02 5.860455e-03 0
2.335653e-02 5.666661e-03 0
2.290323e-02 5.475515e-03 0
2.249001e-02 5.287133e-03 0
2.211615e-02 5.101618e-03 0
2.178100e-02 4.919058e-03 0
2.148398e-02 4.739528e-03 0
2.122456e-02 4.563094e-03 0
2.100229e-02 4.389806e-03 0
2.081678e-02 4.219709e-03 0
2.066770e-02 4.052836e-03 0
2.055474e-02 3.889210e-03 0
2.047638e-02 3.728849e-03 0
2.042994e-02 3.571761e-03 0
2.041288e-02 3.417949e-03 0
2.042284e-02 3.267408e-03 0
2.045755e-02 3.120130e-03 0
2.051493e-02 2.976098e-03 0
2.059299e-02 2.835293e-03 0
2.068986e-02 2.697690e-03 0
2.080380e-02 2.563260e-03 0
2.093317e-02 2.431973e-03 0
2.107643e-02 2.303792e-03 0
2.123212e-02 2.178679e-03 0
2.139888e-02 2.056593e-03 0
2.157544e-02 1.937490e-03 0
2.176060e-02 1.821324e-03 0
2.195324e-02 1.708049e-03 0
2.215229e-02 1.597615e-03 0
2.235676e-02 1.489970e-03 0
2.256573e-02 1.385064e-03 0
2.277832e-02 1.282842e-03 0
2.299371e-02 1.183250e-03 0
2.321113e-02 1.086234e-03 0
2.342984e-02 9.917381e-04 0
2.364917e-02 8.997057e-04 0
2.386848e-02 8.100805e-04 0
2.408716e-02 7.228054e-04 0
2.430464e-02 6.378233e-04 0
2.452038e-02 5.550769e-04 0
2.473388e-02 4.745090e-04 0
2.494464e-02 3.960621e-04 0
2.515222e-02 3.196790e-04 0
2.535618e-02 2.453027e-04 0
2.555611e-02 1.728761e-04 0
2.575162e-02 1.023428e-04 0
2.594232e-02 3.364611e-05 0
2.612786e-02 -3.326991e-05 0
2.630789e-02 -9.846105e-05 0
2.648207e-02 -1.619827e-04 0
2.665008e-02 -2.238900e-04 0
2.681160e-02 -2.842374e-04 0
2.696632e-02 -3.430793e-04 0
2.711393e-02 -4.004695e-04 0
2.725414e-02 -4.564614e-04 0
2.738664e-02 -5.111080e-04 0
2.751115e-02 -5.644619e-04 0
2.762737e-02 -6.165754e-04 0
2.773501e-02 -6.675003e-04 0
2.783376e-02 -7.172880e-04 0
2.792333e-02 -7.659897e-04 0
2.800342e-02 -8.136562e-04 0
2.807371e-02 -8.603378e-04 0
2.813389e-02 -9.060848e-04 0
2.818363e-02 -9.509469e-04 0
2.822263e-02 -9.949741e-04 0
2.825057e-02 -1.038216e-03 0
2.826706e-02 -1.080721e-03 0
2.827170e-02 -1.122539e-03 0
2.826412e-02 -1.163718e-03 0
2.824392e-02 -1.204308e-03 0
2.821070e-02 -1.244358e-03 0
2.816543e-02 -1.283917e-03 0
2.811045e-02 -1.323030e-03 0
2.804799e-02 -1.361741e-03 0
2.798002e-02 -1.400086e-03 0
2.790822e-02 -1.438101e-03 0
2.783398e-02 -1.475813e-03 0
2.775838e-02 -1.513250e-03 0
2.768218e-02 -1.550434e-03 0
2.760583e-02 -1.587384e-03 0
2.752948e-02 -1.624117e-03 0
2.745295e-02 -1.660645e-03 0
2.737577e-02 -1.697134e-03 0
2.729713e-02 -1.734369e-03 0
2.721591e-02 -1.773532e-03 0
2.713066e-02 -1.815680e-03 0
2.703959e-02 -1.861756e-03 0
2.694054e-02 -1.912596e-03 0
2.683103e-02 -1.968933e-03 0
2.670821e-02 -2.031409e-03 0
2.656889e-02 -2.100582e-03 0
2.640950e-02 -2.176925e-03 0
2.622615e-02 -2.260842e-03 0
2.601459e-02 -2.352666e-03 0
2.577024e-02 -2.452666e-03 0
2.548821e-02 -2.561054e-03 0
2.516331e-02 -2.677988e-03 0
2.479005e-02 -2.803576e-03 0
2.436270e-02 -2.937881e-03 0
2.387527e-02 -3.080923e-03 0
2.337692e-02 -3.230526e-03 0
2.291950e-02 -3.384192e-03 0
2.250218e-02 -3.541301e-03 0
2.212425e-02 -3.701276e-03 0
2.178505e-02 -3.863581e-03 0
2.148398e-02 -4.027715e-03 0
2.122051e-02 -4.193216e-03 0
2.099417e-02 -4.359652e-03 0
2.080459e-02 -4.526625e-03 0
2.065142e-02 -4.693764e-03 0
2.053437e-02 -4.860728e-03 0
2.045213e-02 -5.027199e-03 0
2.040224e-02 -5.192884e-03 0
2.038213e-02 -5.357514e-03 0
2.038939e-02 -5.520837e-03 0
2.042178e-02 -5.682626e-03 0
2.047714e-02 -5.842667e-03 0
2.055349e-02 -6.000766e-03 0
2.064894e-02 -6.156745e-03 0
2.076172e-02 -6.310439e-03 0
2.089018e-02 -6.461698e-03 0
2.103275e-02 -6.610385e-03 0
2.118797e-02 -6.756373e-03 0
2.135446e-02 -6.899547e-03 0
2.153094e-02 -7.039801e-03 0
2.171619e-02 -7.177039e-03 0
2.190908e-02 -7.311171e-03 0
2.210853e-02 -7.442117e-03 0
2.231354e-02 -7.569803e-03 0
2.252318e-02 -7.694161e-03 0
2.273655e-02 -7.815128e-03 0
2.295283e-02 -7.932648e-03 0
2.317124e-02 -8.046667e-03 0
2.339104e-02 -8.157138e-03 0
2.361154e-02 -8.264013e-03 0
2.383210e-02 -8.367252e-03 0
2.405210e-02 -8.466814e-03 0
2.427097e-02 -8.562663e-03 0
2.448817e-02 -8.654763e-03 0
2.470317e-02 -8.743080e-03 0
2.491549e-02 -8.827581e-03 0
2.512468e-02 -8.908232e-03 0
2.533029e-02 -8.985000e-03 0
2.553191e-02 -9.057854e-03 0
2.572914e-02 -9.126761e-03 0
2.592159e-02 -9.191686e-03 0
2.610892e-02 -9.252598e-03 0
2.629075e-02 -9.309461e-03 0
2.646677e-02 -9.362241e-03 0
2.663663e-02 -9.410902e-03 0
2.680001e-02 -9.455395e-03 0
2.695662e-02 -9.495667e-03 0
2.710612e-02 -9.531662e-03 0
2.724824e-02 -9.563324e-03 0
2.738266e-02 -9.590611e-03 0
2.750909e-02 -9.613493e-03 0
2.762724e-02 -9.631921e-03 0
2.773681e-02 -9.645839e-03 0
2.783751e-02 -9.655194e-03 0
2.792902e-02 -9.659923e-03 0
2.801105e-02 -9.659999e-03 0
2.808330e-02 -9.655363e-03 0
2.814545e-02 -9.645947e-03 0
2.819716e-02 -9.631688e-03 0
2.823810e-02 -9.612508e-03 0
2.826792e-02 -9.588348e-03 0
2.828626e-02 -9.559149e-03 0
2.829276e-02 -9.524859e-03 0
2.828705e-02 -9.485432e-03 0
2.826871e-02 -9.440818e-03 0
2.823733e-02 -9.390978e-03 0
2.819385e-02 -9.335879e-03 0
2.814060e-02 -9.275496e-03 0
2.807981e-02 -9.209827e-03 0
2.801343e-02 -9.138881e-03 0
2.794314e-02 -9.062692e-03 0
2.787034e-02 -8.981297e-03 0
2.779609e-02 -8.894739e-03 0
2.772114e-02 -8.803083e-03 0
2.764596e-02 -8.706398e-03 0
2.757067e-02 -8.604763e-03 0
2.749510e-02 -8.498260e-03 0
2.741878e-02 -8.386975e-03 0
2.734089e-02 -8.270991e-03 0
2.726031e-02 -8.150392e-03 0
2.717557e-02 -8.025259e-03 0
2.708486e-02 -7.895664e-03 0
2.698603e-02 -7.761675e-03 0
2.687657e-02 -7.623349e-03 0
2.675361e-02 -7.480732e-03 0
2.661393e-02 -7.333859e-03 0
2.645395e-02 -7.182755e-03 0
2.626974e-02 -7.027427e-03 0
2.605701e-02 -6.867869e-03 0
2.581116e-02 -6.704062e-03 0
2.552723e-02 -6.535969e-03 0
2.520001e-02 -6.363538e-03 0
2.482394e-02 -6.186700e-03 0
2.439325e-02 -6.005371e-03 0
2.390188e-02 -5.819447e-03 0
2.339931e-02 -5.632294e-03 0
2.293770e-02 -5.447402e-03 0
2.251624e-02 -5.264909e-03 0
2.213418e-02 -5.084937e-03 0
2.179086e-02 -4.907593e-03 0
2.148569e-02 -4.732971e-03 0
2.121812e-02 -4.561151e-03 0
2.098768e-02 -4.392202e-03 0
2.079398e-02 -4.226182e-03 0
2.063668e-02 -4.063138e-03 0
2.051549e-02 -3.903109e-03 0
2.042934e-02 -3.746124e-03 0
2.037596e-02 -3.592204e-03 0
2.035277e-02 -3.441363e-03 0
2.035732e-02 -3.293607e-03 0
2.038733e-02 -3.148938e-03 0
2.044065e-02 -3.007350e-03 0
2.051526e-02 -2.868833e-03 0
2.060925e-02 -2.733371e-03 0
2.072084e-02 -2.600943e-03 0
2.084835e-02 -2.471526e-03 0
2.099020e-02 -2.345092e-03 0
2.114492e-02 -2.221609e-03 0
2.131111e-02 -2.101043e-03 0
2.148747e-02 -1.983357e-03 0
2.167278e-02 -1.868511e-03 0
2.186588e-02 -1.756464e-03 0
2.206569e-02 -1.647171e-03 0
2.227121e-02 -1.540587e-03 0
2.248148e-02 -1.436664e-03 0
2.269560e-02 -1.335355e-03 0
2.291274e-02 -1.236608e-03 0
2.313211e-02 -1.140373e-03 0
2.335297e-02 -1.046599e-03 0
2.357462e-02 -9.552320e-04 0
2.379641e-02 -8.662199e-04 0
2.401771e-02 -7.795087e-04 0
2.423794e-02 -6.950443e-04 0
2.445656e-02 -6.127723e-04 0
2.467305e-02 -5.326381e-04 0
2.488690e-02 -4.545870e-04 0
2.509767e-02 -3.785641e-04 0
2.530490e-02 -3.045148e-04 0
2.550818e-02 -2.323841e-04 0
2.570710e-02 -1.621175e-04 0
2.590128e-02 -9.366051e-05 0
2.609036e-02 -2.695884e-05 0
2.627397e-02 3.804157e-05 0
2.645178e-02 1.013945e-04 0
2.662346e-02 1.631535e-04 0
2.678868e-02 2.233718e-04 0
2.694713e-02 2.821022e-04 0
2.709850e-02 3.393973e-04 0
2.724249e-02 3.953094e-04 0
2.737879e-02 4.498903e-04 0
2.750712e-02 5.031917e-04 0
2.762716e-02 5.552648e-04 0
2.773863e-02 6.061604e-04 0
2.784123e-02 6.559291e-04 0
2.793464e-02 7.046214e-04 0
2.801857e-02 7.522870e-04 0
2.809271e-02 7.989759e-04 0
2.815673e-02 8.447374e-04 0
2.821032e-02 8.896208e-04 0
2.825315e-02 9.336753e-04 0
2.828488e-02 9.769497e-04 0
2.830515e-02 1.019493e-03 0
2.831355e-02 1.061353e-03 0
2.830971e-02 1.102579e-03 0
2.829324e-02 1.143220e-03 0
2.826371e-02 1.183323e-03 0
2.822204e-02 1.222938e-03 0
2.817053e-02 1.262110e-03 0
2.811141e-02 1.300882e-03 0
2.804663e-02 1.339291e-03 0
2.797787e-02 1.377370e-03 0
2.790650e-02 1.415149e-03 0
2.783360e-02 1.452654e-03 0
2.775992e-02 1.489906e-03 0
2.768590e-02 1.526926e-03 0
2.761168e-02 1.563728e-03 0
2.753709e-02 1.600327e-03 0
2.746164e-02 1.637010e-03 0
2.738451e-02 1.674673e-03 0
2.730457e-02 1.714476e-03 0
2.722034e-02 1.757457e-03 0
2.713001e-02 1.804537e-03 0
2.703141e-02 1.856535e-03 0
2.692201e-02 1.914168e-03 0
2.679892e-02 1.978063e-03 0
2.665890e-02 2.048760e-03 0
2.649835e-02 2.126721e-03 0
2.631329e-02 2.212338e-03 0
2.609941e-02 2.305930e-03 0
2.585206e-02 2.407758e-03 0
2.556626e-02 2.518023e-03 0
2.523672e-02 2.636873e-03 0
2.485787e-02 2.764409e-03 0
2.442386e-02 2.900684e-03 0
2.392857e-02 3.045713e-03 0
2.342180e-02 3.197313e-03 0
2.295602e-02 3.352981e-03 0
2.253042e-02 3.512096e-03 0
2.214425e-02 3.674079e-03 0
2.179685e-02 3.838391e-03 0
2.148759e-02 4.004532e-03 0
2.121595e-02 4.172036e-03 0
2.098143e-02 4.340473e-03 0
2.078364e-02 4.509441e-03 0
2.062223e-02 4.678570e-03 0
2.049691e-02 4.847517e-03 0
2.040685e-02 5.015963e-03 0
2.034997e-02 5.183616e-03 0
2.032368e-02 5.350205e-03 0
2.032550e-02 5.515479e-03 0
2.035313e-02 5.679208e-03 0
2.040439e-02 5.841180e-03 0
2.047724e-02 6.001201e-03 0
2.056975e-02 6.159091e-03 0
2.068013e-02 6.314685e-03 0
2.080668e-02 6.467834e-03 0
2.094780e-02 6.618401e-03 0
2.110200e-02 6.766259e-03 0
2.126787e-02 6.911294e-03 0
2.144410e-02 7.053398e-03 0
2.162944e-02 7.192475e-03 0
2.182274e-02 7.328438e-03 0
2.202291e-02 7.461204e-03 0
2.222892e-02 7.590700e-03 0
2.243980e-02 7.716858e-03 0
2.265466e-02 7.839616e-03 0
2.287265e-02 7.958918e-03 0
2.309296e-02 8.074710e-03 0
2.331486e-02 8.186944e-03 0
2.353763e-02 8.295576e-03 0
2.376062e-02 8.400562e-03 0
2.398320e-02 8.501863e-03 0
2.420478e-02 8.599444e-03 0
2.442480e-02 8.693268e-03 0
2.464275e-02 8.783303e-03 0
2.485813e-02 8.869514e-03 0
2.507046e-02 8.951868e-03 0
2.527930e-02 9.030332e-03 0
2.548422e-02 9.104874e-03 0
2.568483e-02 9.175461e-03 0
2.588073e-02 9.242060e-03 0
2.607155e-02 9.304638e-03 0
2.625693e-02 9.363161e-03 0
2.643654e-02 9.417593e-03 0
2.661004e-02 9.467899e-03 0
2.677709e-02 9.514030e-03 0
2.693740e-02 9.555930e-03 0
2.709064e-02 9.593543e-03 0
2.723651e-02 9.626839e-03 0
2.737470e-02 9.655784e-03 0
2.750493e-02 9.680303e-03 0
2.762688e-02 9.700339e-03 0
2.774027e-02 9.715838e-03 0
2.784478e-02 9.726755e-03 0
2.794011e-02 9.733041e-03 0
2.802597e-02 9.734634e-03 0
2.810203e-02 9.731466e-03 0
2.816797e-02 9.723459e-03 0
2.822347e-02 9.710580e-03 0
2.826821e-02 9.692772e-03 0
2.830183e-02 9.669975e-03 0
2.832398e-02 9.642125e-03 0
2.833428e-02 9.609143e-03 0
2.833234e-02 9.570972e-03 0
2.831774e-02 9.527559e-03 0
2.829008e-02 9.478859e-03 0
2.825024e-02 9.424833e-03 0
2.820050e-02 9.365451e-03 0
2.814307e-02 9.300699e-03 0
2.807990e-02 9.230581e-03 0
2.801266e-02 9.155115e-03 0
2.794273e-02 9.074324e-03 0
2.787118e-02 8.988251e-03 0
2.779876e-02 8.896945e-03 0
2.772590e-02 8.800464e-03 0
2.765274e-02 8.698874e-03 0
2.757911e-02 8.592240e-03 0
2.750451e-02 8.480633e-03 0
2.742813e-02 8.364121e-03 0
2.734882e-02 8.242770e-03 0
2.726510e-02 8.116642e-03 0
2.717513e-02 7.985793e-03 0
2.707675e-02 7.850269e-03 0
2.696740e-02 7.710108e-03 0
2.684418e-02 7.565337e-03 0
2.670381e-02 7.415970e-03 0
2.654268e-02 7.262008e-03 0
2.635677e-02 7.103438e-03 0
2.614175e-02 6.940232e-03 0
2.589291e-02 6.772346e-03 0
2.560524e-02 6.599722e-03 0
2.527341e-02 6.422282e-03 0
2.489179e-02 6.239935e-03 0
2.445446e-02 6.052569e-03 0
2.395528e-02 5.860057e-03 0
2.344432e-02 5.666232e-03 0
