   4.1469319e+02
   4.2564922e+02
   4.3113300e+02
   4.4527858e+02
   4.4956219e+02
   4.6357782e+02
   4.7014303e+02
   4.7692376e+02
   4.8623813e+02
   4.9351567e+02
   5.0121136e+02
   5.0597993e+02
   5.1489164e+02
   5.2044421e+02
   5.2906717e+02
   5.3707563e+02
   5.4508231e+02
   5.4989575e+02
   5.5828584e+02
   5.6742602e+02
   5.7667855e+02
   5.8310889e+02
   5.9647992e+02
   6.0516329e+02
   6.1675675e+02
   6.2403271e+02
   6.2773319e+02
   6.3914115e+02
   6.3795107e+02
   6.4948450e+02
   6.4608075e+02
   6.5185018e+02
   6.5705508e+02
   6.5645873e+02
   0.0000000e+00
   0.0000000e+00
   0.0000000e+00
   0.0000000e+00
   0.0000000e+00
   0.0000000e+00
   0.0000000e+00
   0.0000000e+00
   0.0000000e+00
   0.0000000e+00
   6.7505556e+02
   6.7417555e+02
   6.7335669e+02
   6.7129657e+02
   6.6945085e+02
   6.6795294e+02
   6.6539712e+02
   6.6273570e+02
   6.6015509e+02
   6.5789919e+02
   6.5645461e+02
   6.5294603e+02
   6.5091271e+02
   6.5022031e+02
   6.4770863e+02
   6.4725281e+02
   6.4699750e+02
   6.4594069e+02
   6.4805697e+02
   6.5348419e+02
   5.7982973e+02
   6.5317401e+02
   6.4756098e+02
   6.4200422e+02
   6.3769555e+02
   6.3429940e+02
   6.3145672e+02
   6.2918410e+02
   6.2649797e+02
   6.2579138e+02
   6.2493222e+02
   6.0212640e+02
   6.2665581e+02
   6.2528647e+02
   6.1221591e+02
   0.0000000e+00
   0.0000000e+00
   0.0000000e+00
   0.0000000e+00
   0.0000000e+00
   0.0000000e+00
   0.0000000e+00
   0.0000000e+00
   0.0000000e+00
   0.0000000e+00
   6.3455658e+02
   6.3515706e+02
   6.3555082e+02
   6.3520008e+02
   6.3521798e+02
   6.3416284e+02
   6.3321752e+02
   6.3254048e+02
   6.3146844e+02
   6.3159149e+02
   6.2876910e+02
   5.8990441e+02
   6.3329797e+02
   6.3065508e+02
   6.3034721e+02
   6.3032205e+02
   6.3197367e+02
   6.3085910e+02
   6.3160170e+02
   6.3937431e+02
   6.4360428e+02
   6.4783367e+02
   6.4260062e+02
   6.3771687e+02
   6.3387364e+02
   6.3133654e+02
   6.2858342e+02
   6.2574547e+02
   6.2408453e+02
   6.2246259e+02
   6.2177679e+02
   6.2113263e+02
   6.2033361e+02
   6.2027338e+02
   6.2046431e+02
   0.0000000e+00
   0.0000000e+00
   0.0000000e+00
   0.0000000e+00
   0.0000000e+00
   0.0000000e+00
   0.0000000e+00
   0.0000000e+00
   0.0000000e+00
   0.0000000e+00
   6.3062484e+02
   6.3146051e+02
   6.3207291e+02
   6.3232712e+02
   6.3246060e+02
   6.3158893e+02
   6.3053858e+02
   6.3051640e+02
   6.2887049e+02
   6.2790149e+02
   6.2710221e+02
   6.2603249e+02
   6.2558722e+02
   6.2549430e+02
   6.2555886e+02
   6.2590593e+02
   6.2650419e+02
   6.3285647e+02
   6.2764650e+02
   6.3293166e+02
   6.3938129e+02
   6.4423477e+02
   6.4558670e+02
   6.4080148e+02
   6.3656110e+02
   6.3286064e+02
   6.3081259e+02
   6.2844994e+02
   6.2617492e+02
   6.2473509e+02
   6.2398438e+02
   6.2305558e+02
   6.2261617e+02
   6.2273082e+02
   6.2209759e+02
   0.0000000e+00
   0.0000000e+00
   0.0000000e+00
   0.0000000e+00
   0.0000000e+00
   0.0000000e+00
   0.0000000e+00
   0.0000000e+00
   0.0000000e+00
   0.0000000e+00
   6.3190119e+02
   6.3268521e+02
   6.3316298e+02
   6.3331873e+02
   6.3373316e+02
   6.3246605e+02
   6.3195690e+02
   6.3146125e+02
   6.2814482e+02
   6.2916307e+02
   6.2788872e+02
   6.2735129e+02
   6.2836969e+02
   6.2630946e+02
   6.2635800e+02
   6.2664028e+02
   6.2876922e+02
   6.2921859e+02
   6.2865699e+02
   6.3409265e+02
   6.4033261e+02
   6.4487711e+02
   6.4389146e+02
   6.4102274e+02
   6.3726342e+02
   6.3412366e+02
   6.3132772e+02
   6.2841629e+02
   6.2670873e+02
   6.2548941e+02
   6.2465954e+02
   6.2337482e+02
   6.2298277e+02
   6.2282506e+02
   6.2254581e+02
   0.0000000e+00
   0.0000000e+00
   0.0000000e+00
   0.0000000e+00
   0.0000000e+00
   0.0000000e+00
   0.0000000e+00
   0.0000000e+00
   0.0000000e+00
   0.0000000e+00
   6.3214592e+02
   6.3293017e+02
   6.3308601e+02
   6.3327176e+02
   6.3402259e+02
   6.3272912e+02
   6.3203135e+02
   6.3105772e+02
   6.3034682e+02
   6.3025874e+02
   6.2843118e+02
   6.2729184e+02
   6.2662483e+02
   6.2668698e+02
   6.2713439e+02
   6.2652941e+02
   6.2857376e+02
   6.2773091e+02
   6.1465226e+02
   6.3668241e+02
   6.4261884e+02
   6.4722559e+02
   6.4614831e+02
   6.4149642e+02
   6.3700705e+02
   6.3441400e+02
   6.3117397e+02
   6.2883344e+02
   6.2723306e+02
   6.2541255e+02
   6.2444192e+02
   6.2368553e+02
   6.2351304e+02
   6.2124307e+02
   6.2406118e+02
   0.0000000e+00
   0.0000000e+00
   0.0000000e+00
   0.0000000e+00
   0.0000000e+00
   0.0000000e+00
   0.0000000e+00
   0.0000000e+00
   0.0000000e+00
   0.0000000e+00
   6.3267575e+02
   6.3341946e+02
   6.3396013e+02
   6.3398668e+02
   6.3347848e+02
   6.3283299e+02
   6.3230944e+02
   6.3112277e+02
   6.3061131e+02
   6.2906826e+02
   6.2843896e+02
   6.2801787e+02
   6.2718352e+02
   6.2687860e+02
   6.2686833e+02
   6.2713624e+02
   6.2790144e+02
   6.2841177e+02
   6.2940904e+02
   6.3510412e+02
   6.4111572e+02
   6.4560594e+02
   6.4578503e+02
   6.4103372e+02
   6.3612722e+02
   6.3308781e+02
   6.3102148e+02
   6.2851276e+02
   6.2639642e+02
   6.2471797e+02
   6.2481763e+02
   6.2276746e+02
   6.2273599e+02
   6.2270238e+02
   6.2334211e+02
   0.0000000e+00
   0.0000000e+00
   0.0000000e+00
   0.0000000e+00
   0.0000000e+00
   0.0000000e+00
   0.0000000e+00
   0.0000000e+00
   0.0000000e+00
   0.0000000e+00
   6.3069988e+02
   6.3272331e+02
   6.3330914e+02
   6.3186879e+02
   6.3313395e+02
   6.3307727e+02
   6.3281692e+02
   6.3116095e+02
   6.2958637e+02
   6.2912792e+02
   6.2824412e+02
   6.2717900e+02
   6.2641928e+02
   6.2651453e+02
   6.2687600e+02
   6.2671148e+02
   6.2727519e+02
   6.2808614e+02
   6.2911675e+02
   6.3469731e+02
   6.4077868e+02
   6.4552836e+02
   6.4601906e+02
   6.4050903e+02
   6.3661371e+02
   6.3393975e+02
   6.3120279e+02
   6.2900778e+02
   6.2651233e+02
   6.2534668e+02
   6.2162474e+02
   6.2360600e+02
   6.2317791e+02
   6.2259011e+02
   6.2326325e+02
   0.0000000e+00
   0.0000000e+00
   0.0000000e+00
   0.0000000e+00
   0.0000000e+00
   0.0000000e+00
   0.0000000e+00
   0.0000000e+00
   0.0000000e+00
   0.0000000e+00
   6.3220083e+02
   6.3298172e+02
   6.3336493e+02
   6.3334547e+02
   6.3384406e+02
   6.3259805e+02
   6.3193297e+02
   6.3113207e+02
   6.3037719e+02
   6.2921570e+02
   6.2834724e+02
   6.2042571e+02
   6.2853712e+02
   6.2787333e+02
   6.2713107e+02
   6.2856679e+02
   6.2776034e+02
   6.2854173e+02
   6.3048212e+02
   6.3478547e+02
   6.4110213e+02
   6.4581722e+02
   6.4599946e+02
   6.4117521e+02
   6.3652163e+02
   6.3373239e+02
   6.3112475e+02
   6.2887403e+02
   6.2644132e+02
   6.2475575e+02
   6.2402638e+02
   6.2322269e+02
   6.2285122e+02
   6.2039781e+02
   6.2333765e+02
   0.0000000e+00
   0.0000000e+00
   0.0000000e+00
   0.0000000e+00
   0.0000000e+00
   0.0000000e+00
   0.0000000e+00
   0.0000000e+00
   0.0000000e+00
   0.0000000e+00
   6.3222261e+02
   6.4104873e+02
   6.3354796e+02
   6.3256164e+02
   6.3314439e+02
   6.3202350e+02
   6.3078175e+02
   6.3115680e+02
   6.2083858e+02
   6.3023389e+02
   6.2855159e+02
   6.2810310e+02
   6.2884380e+02
   6.2628004e+02
   6.2649439e+02
   6.2771371e+02
   5.9359933e+02
   6.3278482e+02
   6.3524663e+02
   6.3898737e+02
   6.4476964e+02
   6.4922097e+02
   6.4725795e+02
   6.4158169e+02
   6.3765059e+02
   6.3214240e+02
   6.3180113e+02
   6.3011120e+02
   6.2776477e+02
   6.2608246e+02
   6.2523595e+02
   6.2438136e+02
   6.2355822e+02
   6.2362139e+02
   6.2350027e+02
   0.0000000e+00
   0.0000000e+00
   0.0000000e+00
   0.0000000e+00
   0.0000000e+00
   0.0000000e+00
   0.0000000e+00
   0.0000000e+00
   0.0000000e+00
   0.0000000e+00
   6.3268059e+02
   6.3344617e+02
   6.3399596e+02
   6.3371596e+02
   6.3351420e+02
   6.3285873e+02
   6.3232055e+02
   6.3268251e+02
   6.3011899e+02
   6.2915640e+02
   6.2857630e+02
   6.2764564e+02
   6.2703140e+02
   6.2633159e+02
   6.2679301e+02
   6.2862067e+02
   6.2934275e+02
   6.2786437e+02
   6.2890316e+02
   6.3434762e+02
   6.4067377e+02
   6.4524977e+02
   6.4555188e+02
   6.4077468e+02
   6.3614647e+02
   6.3286381e+02
   6.3080594e+02
   6.2794348e+02
   6.2622462e+02
   6.2465262e+02
   6.2421951e+02
   6.2366474e+02
   6.2250943e+02
   6.2013836e+02
   6.2244146e+02
   0.0000000e+00
   0.0000000e+00
   0.0000000e+00
   0.0000000e+00
   0.0000000e+00
   0.0000000e+00
   0.0000000e+00
   0.0000000e+00
   0.0000000e+00
   0.0000000e+00
   6.3207088e+02
   6.3285485e+02
   6.3331319e+02
   6.3346863e+02
   6.3368435e+02
   6.3246057e+02
   6.3242068e+02
   6.3092626e+02
   6.3027877e+02
   6.2974424e+02
   6.2806077e+02
   6.2715873e+02
   6.2673673e+02
   6.5467946e+02
   6.2271975e+02
   6.2320252e+02
   6.2394632e+02
   5.4724022e+02
   6.3862030e+02
   6.4305171e+02
   6.4855311e+02
   6.5255894e+02
   6.4835169e+02
   6.4344615e+02
   6.3984837e+02
   6.3504277e+02
   6.3297999e+02
   6.3111324e+02
   6.2864721e+02
   6.2750185e+02
   6.2625087e+02
   6.2503421e+02
   6.2592399e+02
   6.2514687e+02
   6.2408018e+02
   0.0000000e+00
   0.0000000e+00
   0.0000000e+00
   0.0000000e+00
   0.0000000e+00
   0.0000000e+00
   0.0000000e+00
   0.0000000e+00
   0.0000000e+00
   0.0000000e+00
   6.3302933e+02
   6.3376370e+02
   6.3424639e+02
   6.3442277e+02
   6.3398201e+02
   6.3319420e+02
   6.3247935e+02
   6.1621748e+02
   6.3236107e+02
   6.3141479e+02
   6.3022889e+02
   6.2861348e+02
   6.2856648e+02
   6.2820003e+02
   6.2809673e+02
   6.2828499e+02
   6.2873674e+02
   6.2943708e+02
   6.3037174e+02
   6.3800993e+02
   6.4181744e+02
   6.4641052e+02
   6.4488255e+02
   6.3995155e+02
   6.3606578e+02
   6.3277611e+02
   6.3009027e+02
   6.2867318e+02
   6.2582003e+02
   6.2457238e+02
   6.2480498e+02
   6.2267582e+02
   6.2250135e+02
   6.2191910e+02
   6.2259231e+02
   0.0000000e+00
   0.0000000e+00
   0.0000000e+00
   0.0000000e+00
   0.0000000e+00
   0.0000000e+00
   0.0000000e+00
   0.0000000e+00
   0.0000000e+00
   0.0000000e+00
   6.3174432e+02
   6.3253766e+02
   6.3298881e+02
   6.3173407e+02
   6.3387511e+02
   6.3305257e+02
   6.3241018e+02
   6.3096267e+02
   6.2897671e+02
   6.2910488e+02
   6.2788905e+02
   6.2706541e+02
   6.2648089e+02
   6.2622656e+02
   6.2590921e+02
   6.2684859e+02
   6.2714496e+02
   6.2796143e+02
   6.1514173e+02
   6.3663159e+02
   6.4283426e+02
   6.4714405e+02
   6.4797810e+02
   6.4135332e+02
   6.3755223e+02
   6.3371152e+02
   6.3104967e+02
   6.2939632e+02
   6.2732736e+02
   6.2631359e+02
   6.2410340e+02
   6.2364602e+02
   6.2334131e+02
   6.2185712e+02
   6.2327805e+02
   0.0000000e+00
   0.0000000e+00
   0.0000000e+00
   0.0000000e+00
   0.0000000e+00
   0.0000000e+00
   0.0000000e+00
   0.0000000e+00
   0.0000000e+00
   0.0000000e+00
   6.3237133e+02
   6.3314252e+02
   6.3351496e+02
   6.3406719e+02
   6.3379990e+02
   6.3265847e+02
   6.3203872e+02
   6.1169623e+02
   6.3318397e+02
   6.3125221e+02
   6.3020301e+02
   6.2972040e+02
   6.2844669e+02
   6.2809226e+02
   6.7887353e+02
   6.2288187e+02
   6.2179058e+02
   6.2468040e+02
   6.2399992e+02
   6.2970746e+02
   6.3637059e+02
   6.4119732e+02
   6.4409359e+02
   6.3991270e+02
   6.3569232e+02
   6.3267317e+02
   6.2924350e+02
   6.2708774e+02
   6.2540857e+02
   6.2382001e+02
   6.2296517e+02
   6.2380615e+02
   6.2145347e+02
   6.2177808e+02
   6.2139200e+02
   0.0000000e+00
   0.0000000e+00
   0.0000000e+00
   0.0000000e+00
   0.0000000e+00
   0.0000000e+00
   0.0000000e+00
   0.0000000e+00
   0.0000000e+00
   0.0000000e+00
   6.3157027e+02
   6.3239169e+02
   6.3269122e+02
   6.3303740e+02
   6.3261822e+02
   6.3204526e+02
   6.3155676e+02
   6.3078288e+02
   6.2989323e+02
   6.2891603e+02
   6.2808752e+02
   6.2703186e+02
   6.2664044e+02
   6.2694836e+02
   6.2634755e+02
   6.2667831e+02
   6.2724191e+02
   6.2931365e+02
   6.2894357e+02
   6.3418526e+02
   6.4057825e+02
   6.4488231e+02
   6.4581016e+02
   6.4133315e+02
   6.3737214e+02
   6.3424467e+02
   6.3145865e+02
   6.2805933e+02
   6.2686928e+02
   6.2563775e+02
   6.2479048e+02
   6.2398707e+02
   6.2306573e+02
   6.2407710e+02
   6.2242441e+02
   0.0000000e+00
   0.0000000e+00
   0.0000000e+00
   0.0000000e+00
   0.0000000e+00
   0.0000000e+00
   0.0000000e+00
   0.0000000e+00
   0.0000000e+00
   0.0000000e+00
   6.3208815e+02
   6.3287596e+02
   6.3324535e+02
   6.3345629e+02
   6.3403838e+02
   6.3208418e+02
   6.3262528e+02
   6.3139579e+02
   6.3046532e+02
   6.2905302e+02
   6.2811550e+02
   6.2736860e+02
   6.2660914e+02
   6.2631922e+02
   6.2861772e+02
   6.2637213e+02
   6.2808997e+02
   6.1080432e+02
   6.3103029e+02
   6.3656463e+02
   6.4277886e+02
   6.4737395e+02
   6.4620559e+02
   6.3434273e+02
   6.3776385e+02
   6.3462232e+02
   6.3187605e+02
   6.2965092e+02
   6.2778741e+02
   6.2635908e+02
   6.2500428e+02
   6.2465828e+02
   6.2412432e+02
   6.2350288e+02
   6.1672678e+02
   0.0000000e+00
   0.0000000e+00
   0.0000000e+00
   0.0000000e+00
   0.0000000e+00
   0.0000000e+00
   0.0000000e+00
   0.0000000e+00
   0.0000000e+00
   0.0000000e+00
   6.3361971e+02
   6.3433341e+02
   6.3464244e+02
   6.3470784e+02
   6.3463424e+02
   6.3371331e+02
   6.3283370e+02
   6.3241597e+02
   6.3175701e+02
   6.3003019e+02
   6.2905107e+02
   6.2936320e+02
   6.2784874e+02
   6.2630539e+02
   6.2701640e+02
   6.2842667e+02
   6.2761329e+02
   6.2837394e+02
   6.3095467e+02
   6.3488349e+02
   6.4090040e+02
   6.4535970e+02
   6.4490491e+02
   6.4026980e+02
   6.3605869e+02
   6.3350160e+02
   6.3064513e+02
   6.2397092e+02
   6.2628259e+02
   6.2491157e+02
   6.2415053e+02
   6.2380888e+02
   6.2266495e+02
   6.2227232e+02
   6.2244081e+02
   0.0000000e+00
   0.0000000e+00
   0.0000000e+00
   0.0000000e+00
   0.0000000e+00
   0.0000000e+00
   0.0000000e+00
   0.0000000e+00
   0.0000000e+00
   0.0000000e+00
   6.3203729e+02
   6.3281813e+02
   6.3237232e+02
   6.3334604e+02
   6.3382300e+02
   6.3270073e+02
   6.3166804e+02
   6.3050554e+02
   6.3020881e+02
   6.2871677e+02
   6.2837603e+02
   6.2745034e+02
   6.2684891e+02
   6.2657274e+02
   6.6737556e+02
   6.2152093e+02
   6.2233200e+02
   6.2339686e+02
   6.2436423e+02
   6.3018848e+02
   6.3659126e+02
   6.4166189e+02
   6.3780611e+02
   6.4078117e+02
   6.3668016e+02
   6.3281349e+02
   6.3078773e+02
   6.2790556e+02
   6.2432600e+02
   6.2475988e+02
   6.2454619e+02
   6.2316198e+02
   6.2283780e+02
   6.2404234e+02
   6.2207520e+02
   0.0000000e+00
   0.0000000e+00
   0.0000000e+00
   0.0000000e+00
   0.0000000e+00
   0.0000000e+00
   0.0000000e+00
   0.0000000e+00
   0.0000000e+00
   0.0000000e+00
   6.3196096e+02
   6.3275537e+02
   6.3331130e+02
   6.3325382e+02
   6.3286629e+02
   6.3285946e+02
   6.2990281e+02
   6.3156047e+02
   6.3021450e+02
   6.2926002e+02
   6.2910635e+02
   6.2756254e+02
   6.2774199e+02
   6.2600583e+02
   6.2633790e+02
   6.2680470e+02
   6.2841253e+02
   6.2803615e+02
   6.2908964e+02
   6.3437902e+02
   6.4074681e+02
   6.4528434e+02
   6.4637210e+02
   6.4097329e+02
   6.3700845e+02
   6.3409339e+02
   6.3129713e+02
   6.2865230e+02
   6.2666828e+02
   6.2496293e+02
   6.1757469e+02
   6.2395350e+02
   6.2394446e+02
   6.2380519e+02
   6.2436336e+02
   0.0000000e+00
   0.0000000e+00
   0.0000000e+00
   0.0000000e+00
   0.0000000e+00
   0.0000000e+00
   0.0000000e+00
   0.0000000e+00
   0.0000000e+00
   0.0000000e+00
   6.3280697e+02
   6.3329167e+02
   6.3422010e+02
   6.3327231e+02
   6.3341048e+02
   6.3288540e+02
   6.3217037e+02
   6.3150838e+02
   6.3047172e+02
   6.2991828e+02
   6.2852034e+02
   6.2758714e+02
   6.2745218e+02
   6.2663654e+02
   6.2639355e+02
   6.2893215e+02
   6.2638530e+02
   6.2769321e+02
   6.2926708e+02
   6.3465108e+02
   6.4097410e+02
   6.4501227e+02
   6.4574834e+02
   6.4049225e+02
   6.3705017e+02
   6.3324291e+02
   6.3120546e+02
   6.2829764e+02
   6.2667784e+02
   6.2562354e+02
   6.2018742e+02
   6.2376934e+02
   6.2360731e+02
   6.2384133e+02
   6.2273935e+02
   0.0000000e+00
   0.0000000e+00
   0.0000000e+00
   0.0000000e+00
   0.0000000e+00
   0.0000000e+00
   0.0000000e+00
   0.0000000e+00
   0.0000000e+00
   0.0000000e+00
   6.3225523e+02
   6.3302650e+02
   6.3340044e+02
   6.3329045e+02
   6.3319917e+02
   6.3324833e+02
   6.3346553e+02
   6.3068516e+02
   6.3031948e+02
   6.2973861e+02
   6.2818537e+02
   6.2698977e+02
   6.2716229e+02
   6.2639548e+02
   6.2641584e+02
   6.2671402e+02
   6.2727440e+02
   6.2953847e+02
   6.2890915e+02
   6.3450749e+02
   6.4057852e+02
   6.4533555e+02
   6.4534127e+02
   6.4120982e+02
   6.3645074e+02
   6.3314805e+02
   6.3109631e+02
   6.2885945e+02
   6.2643476e+02
   6.2530808e+02
   6.2362117e+02
   6.2375852e+02
   6.2272264e+02
   6.2272358e+02
   6.2286005e+02
   0.0000000e+00
   0.0000000e+00
   0.0000000e+00
   0.0000000e+00
   0.0000000e+00
   0.0000000e+00
   0.0000000e+00
   0.0000000e+00
   0.0000000e+00
   0.0000000e+00
   6.3192051e+02
   6.3272403e+02
   6.3310627e+02
   6.3330379e+02
   6.3369162e+02
   6.3274871e+02
   6.3195132e+02
   6.3129999e+02
   6.2991434e+02
   6.2985994e+02
   6.2716862e+02
   6.2713630e+02
   6.2656126e+02
   6.2630657e+02
   6.2608047e+02
   6.2665457e+02
   6.2872737e+02
   6.2784422e+02
   6.3058855e+02
   6.3881671e+02
   6.3949379e+02
   6.3939069e+02
   6.4626178e+02
   6.4051043e+02
   6.3679580e+02
   6.3395345e+02
   6.3123828e+02
   6.2833659e+02
   6.2664068e+02
   6.2512754e+02
   6.1852886e+02
   6.2378887e+02
   6.2378052e+02
   6.2377163e+02
   6.2317078e+02
   0.0000000e+00
   0.0000000e+00
   0.0000000e+00
   0.0000000e+00
   0.0000000e+00
   0.0000000e+00
   0.0000000e+00
   0.0000000e+00
   0.0000000e+00
   0.0000000e+00
   6.3277659e+02
   6.3330142e+02
   6.3365598e+02
   6.3434291e+02
   6.3382348e+02
   6.3303882e+02
   6.3211348e+02
   6.3092685e+02
   6.3113844e+02
   6.2942173e+02
   6.2848754e+02
   6.2751794e+02
   6.2694353e+02
   6.2662899e+02
   6.2663652e+02
   6.2831971e+02
   6.2727979e+02
   6.2808493e+02
   6.3076694e+02
   6.3618658e+02
   6.4024713e+02
   6.4479213e+02
   6.4337084e+02
   6.4118180e+02
   6.3693883e+02
   6.3310469e+02
   6.3105856e+02
   6.2821177e+02
   6.2646508e+02
   6.2497027e+02
   6.2419199e+02
   6.2385600e+02
   6.2277588e+02
   6.2221328e+02
   5.9985732e+02
   0.0000000e+00
   0.0000000e+00
   0.0000000e+00
   0.0000000e+00
   0.0000000e+00
   0.0000000e+00
   0.0000000e+00
   0.0000000e+00
   0.0000000e+00
   0.0000000e+00
   6.3471787e+02
   6.3538518e+02
   6.3584778e+02
   6.3523161e+02
   6.3539479e+02
   6.3512893e+02
   6.3383052e+02
   6.3306109e+02
   6.3204674e+02
   6.3088824e+02
   6.2983717e+02
   6.2829433e+02
   6.2821378e+02
   6.2749325e+02
   6.2907194e+02
   6.2928378e+02
   6.2812195e+02
   6.3085733e+02
   6.3043007e+02
   6.3689377e+02
   6.4089061e+02
   6.4533251e+02
   6.4432075e+02
   6.4001721e+02
   6.3638396e+02
   6.3246950e+02
   6.3042770e+02
   6.2756112e+02
   6.2556022e+02
   6.2423018e+02
   6.2396425e+02
   6.2449076e+02
   6.2169616e+02
   6.2199676e+02
   6.2173356e+02
   0.0000000e+00
   0.0000000e+00
   0.0000000e+00
   0.0000000e+00
   0.0000000e+00
   0.0000000e+00
   0.0000000e+00
   0.0000000e+00
   0.0000000e+00
   0.0000000e+00
   6.3158210e+02
   6.4024247e+02
   6.3218435e+02
   6.3224434e+02
   6.3234574e+02
   6.3154497e+02
   6.3078303e+02
   6.3129138e+02
   6.2969715e+02
   6.2717437e+02
   6.2733226e+02
   6.2646137e+02
   6.2690055e+02
   6.2664404e+02
   6.5638374e+02
   6.2180647e+02
   6.2261663e+02
   6.2369471e+02
   6.2500622e+02
   6.3012139e+02
   6.3677845e+02
   6.4162686e+02
   6.4481805e+02
   6.4078911e+02
   6.3680626e+02
   6.3258277e+02
   6.3053019e+02
   6.2849780e+02
   6.2588380e+02
   6.2442005e+02
   6.2347187e+02
   6.1872919e+02
   6.2262068e+02
   6.2300323e+02
   6.2295736e+02
   0.0000000e+00
   0.0000000e+00
   0.0000000e+00
   0.0000000e+00
   0.0000000e+00
   0.0000000e+00
   0.0000000e+00
   0.0000000e+00
   0.0000000e+00
   0.0000000e+00
   6.3221118e+02
   6.3300025e+02
   6.3355417e+02
   6.3334797e+02
   6.3316798e+02
   6.3264601e+02
   6.3186536e+02
   6.3243151e+02
   6.0323278e+02
   6.3277095e+02
   6.3112387e+02
   6.3007468e+02
   6.3129193e+02
   6.2875425e+02
   6.2807292e+02
   6.3038021e+02
   6.2974951e+02
   6.2978700e+02
   6.3152244e+02
   6.3626732e+02
   6.4222308e+02
   6.4684651e+02
   6.4498470e+02
   6.4157188e+02
   6.3682462e+02
   6.3314884e+02
   6.3143943e+02
   6.2857982e+02
   6.2685386e+02
   6.2504070e+02
   6.2516440e+02
   6.2321293e+02
   6.2382928e+02
   6.2250524e+02
   6.2267489e+02
   0.0000000e+00
   0.0000000e+00
   0.0000000e+00
   0.0000000e+00
   0.0000000e+00
   0.0000000e+00
   0.0000000e+00
   0.0000000e+00
   0.0000000e+00
   0.0000000e+00
   6.3219478e+02
   6.3296607e+02
   6.3334070e+02
   6.3345981e+02
   6.3376021e+02
   6.3278901e+02
   6.3170631e+02
   6.3108380e+02
   6.3074589e+02
   6.3181544e+02
   6.2794110e+02
   6.2665528e+02
   6.2648106e+02
   6.2557065e+02
   6.2812493e+02
   6.2672801e+02
   6.2844239e+02
   6.2756174e+02
   6.2913386e+02
   6.3389606e+02
   6.4027710e+02
   6.4569588e+02
   6.4596533e+02
   6.4091370e+02
   6.3679065e+02
   6.3294811e+02
   6.3086288e+02
   6.2799947e+02
   6.2625239e+02
   6.2470665e+02
   6.2423987e+02
   6.2349516e+02
   6.2257852e+02
   6.2209200e+02
   6.2226208e+02
   0.0000000e+00
   0.0000000e+00
   0.0000000e+00
   0.0000000e+00
   0.0000000e+00
   0.0000000e+00
   0.0000000e+00
   0.0000000e+00
   0.0000000e+00
   0.0000000e+00
   6.3197020e+02
   6.4066715e+02
   6.3207754e+02
   6.3267136e+02
   6.3116852e+02
   6.3222838e+02
   6.3128162e+02
   6.3140064e+02
   6.2955601e+02
   6.2864885e+02
   6.2773181e+02
   6.2685272e+02
   6.2628386e+02
   6.2602597e+02
   6.2608525e+02
   6.2640956e+02
   6.2552066e+02
   6.2819199e+02
   6.3068492e+02
   6.3432789e+02
   6.4043245e+02
   6.4500084e+02
   5.7449754e+02
   6.4684959e+02
   6.4340258e+02
   6.3886089e+02
   6.3695133e+02
   6.3416966e+02
   6.3142593e+02
   6.3043446e+02
   6.3019998e+02
   6.2778762e+02
   6.2730930e+02
   6.2689874e+02
   6.2687474e+02
   0.0000000e+00
   0.0000000e+00
   0.0000000e+00
   0.0000000e+00
   0.0000000e+00
   0.0000000e+00
   0.0000000e+00
   0.0000000e+00
   0.0000000e+00
   0.0000000e+00
   6.3477098e+02
   6.3543874e+02
   6.3568802e+02
   6.3546403e+02
   6.3593643e+02
   6.3457106e+02
   6.3379145e+02
   6.3303090e+02
   6.3185701e+02
   6.3092407e+02
   6.2971994e+02
   6.2794567e+02
   6.3014736e+02
   6.2780355e+02
   6.7023199e+02
   6.2300339e+02
   6.2376893e+02
   6.2342043e+02
   6.2536206e+02
   6.3026687e+02
   6.3654981e+02
   6.4130044e+02
   6.4316871e+02
   6.3482883e+02
   6.3117204e+02
   6.3284630e+02
   6.2971400e+02
   6.2691784e+02
   6.2617515e+02
   6.2368701e+02
   6.2227802e+02
   6.2136966e+02
   6.2148461e+02
   6.2137019e+02
   6.2214980e+02
   0.0000000e+00
   0.0000000e+00
   0.0000000e+00
   0.0000000e+00
   0.0000000e+00
   0.0000000e+00
   0.0000000e+00
   0.0000000e+00
   0.0000000e+00
   0.0000000e+00
   6.3148677e+02
   6.3229806e+02
   6.3238470e+02
   6.3272014e+02
   6.3272055e+02
   6.3237035e+02
   6.3189529e+02
   6.3187723e+02
   6.2973165e+02
   6.2860162e+02
   6.2780728e+02
   6.2691407e+02
   6.2634662e+02
   6.2540433e+02
   6.2623230e+02
   6.2654040e+02
   6.2711989e+02
   5.7244420e+02
   6.3920091e+02
   6.4252007e+02
   6.4921779e+02
   6.5209192e+02
   6.4840655e+02
   6.4311021e+02
   6.3966074e+02
   6.3538148e+02
   6.3320493e+02
   6.3029680e+02
   6.2861710e+02
   6.2697032e+02
   6.2668467e+02
   6.2459461e+02
   6.2256618e+02
   6.2523122e+02
   6.2409144e+02
   0.0000000e+00
   0.0000000e+00
   0.0000000e+00
   0.0000000e+00
   0.0000000e+00
   0.0000000e+00
   0.0000000e+00
   0.0000000e+00
   0.0000000e+00
   0.0000000e+00
   6.3304870e+02
   6.4232600e+02
   6.3331898e+02
   6.3388989e+02
   6.3353797e+02
   6.3309998e+02
   6.3173226e+02
   6.3092538e+02
   6.3066304e+02
   6.2965061e+02
   6.2798564e+02
   6.2809700e+02
   6.2636189e+02
   6.1367683e+02
   6.2704901e+02
   6.2927781e+02
   6.2885805e+02
   6.1733021e+02
   5.6362841e+02
   6.4844963e+02
   6.5369603e+02
   6.5605160e+02
   6.4930173e+02
   6.4548782e+02
   6.4093643e+02
   6.3565005e+02
   6.3456689e+02
   6.3136849e+02
   6.2971073e+02
   6.2793078e+02
   6.2696576e+02
   6.2336796e+02
   6.2655225e+02
   6.2543844e+02
   6.2519428e+02
   0.0000000e+00
   0.0000000e+00
   0.0000000e+00
   0.0000000e+00
   0.0000000e+00
   0.0000000e+00
   0.0000000e+00
   0.0000000e+00
   0.0000000e+00
   0.0000000e+00
   6.3365035e+02
   6.3434735e+02
   6.3463822e+02
   6.3516902e+02
   6.3438026e+02
   6.3389756e+02
   6.3286793e+02
   6.3211537e+02
   6.3138542e+02
   6.2997185e+02
   6.2894640e+02
   5.8712556e+02
   6.3279241e+02
   6.3341379e+02
   6.3171094e+02
   6.3115046e+02
   6.3133929e+02
   6.3178873e+02
   5.7074429e+02
   6.4875033e+02
   6.5381861e+02
   6.5432224e+02
   6.4156305e+02
   6.4419413e+02
   6.3986367e+02
   6.3717702e+02
   6.3370493e+02
   6.3117539e+02
   6.2940314e+02
   6.2827994e+02
   6.2627787e+02
   6.2576523e+02
   6.2535661e+02
   6.2458815e+02
   6.2462363e+02
   0.0000000e+00
   0.0000000e+00
   0.0000000e+00
   0.0000000e+00
   0.0000000e+00
   0.0000000e+00
   0.0000000e+00
   0.0000000e+00
   0.0000000e+00
   0.0000000e+00
   6.3322592e+02
   6.3392904e+02
   6.3438406e+02
   6.3428497e+02
   6.3386467e+02
   6.3417493e+02
   6.3320543e+02
   6.3233449e+02
   6.3053800e+02
   6.3081306e+02
   6.2874185e+02
   6.2741198e+02
   6.2677151e+02
   6.2707814e+02
   6.2759889e+02
   6.2716941e+02
   6.2687474e+02
   6.2828839e+02
   6.2931878e+02
   6.3583501e+02
   6.4011429e+02
   6.4433949e+02
   6.4423224e+02
   6.4012851e+02
   6.2569837e+02
   6.3351452e+02
   6.3027786e+02
   6.2808718e+02
   6.2664651e+02
   6.3300959e+02
   6.2309304e+02
   6.2221155e+02
   6.2143817e+02
   6.2184450e+02
   6.2146602e+02
   0.0000000e+00
   0.0000000e+00
   0.0000000e+00
   0.0000000e+00
   0.0000000e+00
   0.0000000e+00
   0.0000000e+00
   0.0000000e+00
   0.0000000e+00
   0.0000000e+00
   6.3139569e+02
   6.3221441e+02
   6.3270099e+02
   6.2737935e+02
   6.3299241e+02
   6.3327779e+02
   6.3257204e+02
   6.3110097e+02
   6.3123668e+02
   6.3041021e+02
   6.2761001e+02
   6.2704604e+02
   6.2633189e+02
   6.2642289e+02
   6.2578683e+02
   6.2644347e+02
   6.2701156e+02
   6.2898585e+02
   6.2871589e+02
   6.2986045e+02
   6.4113901e+02
   6.4563589e+02
   6.4573769e+02
   6.4078888e+02
   6.3689143e+02
   6.3352575e+02
   6.3158692e+02
   6.2860339e+02
   6.2684467e+02
   6.2535417e+02
   6.2440552e+02
   6.2371859e+02
   6.2324153e+02
   6.2346883e+02
   6.2368403e+02
   0.0000000e+00
   0.0000000e+00
   0.0000000e+00
   0.0000000e+00
   0.0000000e+00
   0.0000000e+00
   0.0000000e+00
   0.0000000e+00
   0.0000000e+00
   0.0000000e+00
   6.3210850e+02
   6.3287974e+02
   6.3336195e+02
   6.2964549e+02
   6.3421300e+02
   6.3251098e+02
   6.3218659e+02
   6.3103324e+02
   6.3050887e+02
   6.3051768e+02
   6.2848372e+02
   6.2755458e+02
   6.2874357e+02
   6.2739796e+02
   6.2650613e+02
   6.2721257e+02
   6.2743464e+02
   6.2788597e+02
   6.2893797e+02
   6.3451644e+02
   6.4060466e+02
   6.4536164e+02
   6.4538309e+02
   6.4115977e+02
   6.3717207e+02
   6.3275691e+02
   6.3110067e+02
   6.2897157e+02
   6.2644937e+02
   6.2474518e+02
   6.2378050e+02
   6.2294364e+02
   6.2292861e+02
   6.2286807e+02
   6.2293686e+02
   0.0000000e+00
   0.0000000e+00
   0.0000000e+00
   0.0000000e+00
   0.0000000e+00
   0.0000000e+00
   0.0000000e+00
   0.0000000e+00
   0.0000000e+00
   0.0000000e+00
   6.3202787e+02
   6.3281503e+02
   6.3338049e+02
   6.3334358e+02
   6.3357128e+02
   6.3250493e+02
   6.3259102e+02
   6.3088250e+02
   6.2920525e+02
   6.1491084e+02
   6.2991752e+02
   6.2915564e+02
   6.2812816e+02
   6.2790337e+02
   6.2772724e+02
   6.2796043e+02
   6.2845623e+02
   6.2921387e+02
   6.3104205e+02
   6.3567806e+02
   6.4167207e+02
   6.4610979e+02
   6.4611375e+02
   6.4130112e+02
   6.3663510e+02
   6.3327266e+02
   6.3130554e+02
   6.2789143e+02
   6.2670436e+02
   6.2502092e+02
   6.2476581e+02
   6.2268539e+02
   6.2310866e+02
   6.2307430e+02
   6.2264643e+02
   0.0000000e+00
   0.0000000e+00
   0.0000000e+00
   0.0000000e+00
   0.0000000e+00
   0.0000000e+00
   0.0000000e+00
   0.0000000e+00
   0.0000000e+00
   0.0000000e+00
   6.3217657e+02
   6.3296424e+02
   6.3352992e+02
   6.3354833e+02
   6.3360711e+02
   6.3270441e+02
   6.3186309e+02
   6.3106319e+02
   6.2841436e+02
   6.3032999e+02
   6.2832701e+02
   6.2781428e+02
   6.2844042e+02
   6.2688132e+02
   6.2688660e+02
   6.2758893e+02
   6.2785418e+02
   6.2764990e+02
   6.2866112e+02
   6.3402514e+02
   6.4039718e+02
   6.4494089e+02
   6.3970924e+02
   6.4088113e+02
   6.3678414e+02
   6.3421642e+02
   6.3165613e+02
   6.2902039e+02
   6.2684749e+02
   6.2575446e+02
   6.2420452e+02
   6.2282370e+02
   6.2334883e+02
   6.2273648e+02
   6.2287960e+02
   0.0000000e+00
   0.0000000e+00
   0.0000000e+00
   0.0000000e+00
   0.0000000e+00
   0.0000000e+00
   0.0000000e+00
   0.0000000e+00
   0.0000000e+00
   0.0000000e+00
   6.3234124e+02
   6.3311513e+02
   6.3364665e+02
   6.3349738e+02
   6.3295277e+02
   6.3331652e+02
   6.3204787e+02
   6.3123997e+02
   6.3034069e+02
   6.3006198e+02
   6.2835870e+02
   6.2743322e+02
   6.2683833e+02
   6.2585893e+02
   6.2759258e+02
   6.2681688e+02
   6.2754042e+02
   6.2981796e+02
   6.3066442e+02
   6.3402361e+02
   6.4039084e+02
   6.4492742e+02
   6.4212984e+02
   6.4095672e+02
   6.3682538e+02
   6.3333287e+02
   6.3131702e+02
   6.2304501e+02
   6.2749850e+02
   6.2540228e+02
   6.2520200e+02
   6.2441590e+02
   6.1934425e+02
   6.2374098e+02
   6.2352082e+02
   0.0000000e+00
   0.0000000e+00
   0.0000000e+00
   0.0000000e+00
   0.0000000e+00
   0.0000000e+00
   0.0000000e+00
   0.0000000e+00
   0.0000000e+00
   0.0000000e+00
   6.3275020e+02
   6.3349997e+02
   6.3385924e+02
   6.3386911e+02
   6.3359328e+02
   6.3394892e+02
   6.3267776e+02
   6.3188766e+02
   6.3049703e+02
   6.2288772e+02
   6.2901294e+02
   6.2836628e+02
   6.2824724e+02
   6.2732877e+02
   6.2855091e+02
   6.2737753e+02
   6.2780911e+02
   6.3033340e+02
   6.1668281e+02
   6.3696473e+02
   6.4311816e+02
   6.4840069e+02
   6.4761366e+02
   6.4071190e+02
   6.3680666e+02
   6.3419744e+02
   6.3145969e+02
   6.2869756e+02
   6.2668878e+02
   6.2517092e+02
   6.2426683e+02
   6.2311563e+02
   6.2308658e+02
   6.2252805e+02
   6.2268639e+02
   0.0000000e+00
   0.0000000e+00
   0.0000000e+00
   0.0000000e+00
   0.0000000e+00
   0.0000000e+00
   0.0000000e+00
   0.0000000e+00
   0.0000000e+00
   0.0000000e+00
   6.3219363e+02
