   7.1000000e-01
   7.1000000e-01
   7.0984839e-01
   7.0956707e-01
   7.0916702e-01
   7.0867653e-01
   7.0810416e-01
   7.0747795e-01
   7.0681102e-01
   7.0611695e-01
   7.0541434e-01
   7.0471777e-01
   7.0404262e-01
   7.0339844e-01
   7.0280303e-01
   7.0226752e-01
   7.0180913e-01
   7.0144390e-01
   7.0118784e-01
   7.0105056e-01
   7.0104886e-01
   7.0120101e-01
   7.0152551e-01
   7.0203524e-01
   7.0275692e-01
   7.0370793e-01
   7.0491145e-01
   7.0638204e-01
   7.0812710e-01
   7.1016944e-01
   7.1250668e-01
   7.1516189e-01
   7.1812826e-01
   7.2141733e-01
   7.2503951e-01
   7.2899361e-01
   7.3196670e-01
   7.3395880e-01
   7.3496990e-01
   7.3500000e-01
   7.3404910e-01
   7.3211720e-01
   7.2920430e-01
   7.2531039e-01
   7.2043549e-01
   7.1457959e-01
   7.0909280e-01
   7.0397336e-01
   6.9921963e-01
   6.9482750e-01
   6.9079327e-01
   6.8711395e-01
   6.8378441e-01
   6.8079935e-01
   6.7815361e-01
   6.7584265e-01
   6.7386361e-01
   6.7220946e-01
   6.7087614e-01
   6.6986225e-01
   6.6916279e-01
   6.6877683e-01
   6.6870386e-01
   6.6894178e-01
   6.6949481e-01
   6.7037380e-01
   6.7143146e-01
   6.7281447e-01
   6.7451159e-01
   6.7651173e-01
   6.7880626e-01
   6.8138838e-01
   6.8425242e-01
   6.8739383e-01
   6.9080723e-01
   6.9449122e-01
   6.9844407e-01
   7.0262017e-01
   7.0706859e-01
   7.1178658e-01
   7.1674799e-01
   7.2072841e-01
   7.2372783e-01
   7.2574625e-01
   7.2678367e-01
   7.2684009e-01
   7.2591551e-01
   7.2400993e-01
   7.2112335e-01
   7.1725577e-01
   7.1240719e-01
   7.0784672e-01
   7.0357557e-01
   6.9959452e-01
   6.9590287e-01
   6.9250065e-01
   6.8938576e-01
   6.8655631e-01
   6.8401093e-01
   6.8174750e-01
   6.7976624e-01
   6.7806153e-01
   6.7655562e-01
   6.7533531e-01
   6.7439531e-01
   6.7373500e-01
   6.7335434e-01
   6.7325663e-01
   6.7343963e-01
   6.7390484e-01
   6.7466779e-01
   6.7573696e-01
   6.7712079e-01
   6.7880882e-01
   6.8079129e-01
   6.8306050e-01
   6.8561139e-01
   6.8843844e-01
   6.9153598e-01
   6.9490070e-01
   6.9852934e-01
   7.0242053e-01
   7.0657299e-01
   7.1098511e-01
   7.1565678e-01
   7.2058838e-01
   7.2453898e-01
   7.2750858e-01
   7.2949718e-01
   7.3050478e-01
   7.3053138e-01
   7.2957698e-01
   7.2764158e-01
   7.2472518e-01
   7.2082778e-01
   7.1594938e-01
   7.1135123e-01
   7.0703500e-01
   7.0300192e-01
   6.9925249e-01
   6.9578698e-01
   6.9260365e-01
   6.8970040e-01
   6.8707718e-01
   6.8473070e-01
   6.8265903e-01
   6.8086055e-01
   6.7933315e-01
   6.7807591e-01
   6.7708867e-01
   6.7637154e-01
   6.7592523e-01
   6.7575093e-01
   6.7586133e-01
   6.7624603e-01
   6.7691560e-01
   6.7788292e-01
   6.7915772e-01
   6.8074269e-01
   6.8262826e-01
   6.8480595e-01
   6.8726837e-01
   6.9001141e-01
   6.9303035e-01
   6.9632064e-01
   6.9987940e-01
   7.0370513e-01
   7.0779597e-01
   7.1215104e-01
   7.1677058e-01
   7.2165331e-01
   7.2555504e-01
   7.2847577e-01
   7.3041550e-01
   7.3137423e-01
   7.3135195e-01
   7.3034868e-01
   7.2836441e-01
   7.2539914e-01
   7.2145287e-01
   7.1652560e-01
   7.1188113e-01
   7.0752104e-01
   7.0344627e-01
   6.9965713e-01
   6.9615446e-01
   6.9293573e-01
   6.8999991e-01
   6.8734601e-01
   6.8496740e-01
   6.8286611e-01
   6.8103961e-01
   6.7948680e-01
   6.7820974e-01
   6.7720429e-01
   6.7647056e-01
   6.7600912e-01
   6.7582421e-01
   6.7591673e-01
   6.7628557e-01
   6.7694160e-01
   6.7789729e-01
   6.7916174e-01
   6.8073296e-01
   6.8260524e-01
   6.8477104e-01
   6.8722409e-01
   6.8995879e-01
   6.9296933e-01
   6.9625228e-01
   6.9980521e-01
   7.0362646e-01
   7.0771347e-01
   7.1206543e-01
   7.1668205e-01
   7.2156276e-01
   7.2546247e-01
   7.2838117e-01
   7.3031888e-01
   7.3127559e-01
   7.3125130e-01
   7.3024601e-01
   7.2825972e-01
   7.2529242e-01
   7.2134413e-01
   7.1641484e-01
   7.1176884e-01
   7.0740770e-01
   7.0333173e-01
   6.9954131e-01
   6.9603793e-01
   6.9281901e-01
   6.8988315e-01
   6.8722841e-01
   6.8485336e-01
   6.8275783e-01
   6.8093816e-01
   6.7939208e-01
   6.7811824e-01
   6.7711678e-01
   6.7638859e-01
   6.7593245e-01
   6.7575247e-01
   6.7584694e-01
   6.7618972e-01
   6.7682487e-01
   6.7776425e-01
   6.7901708e-01
   6.8058121e-01
   6.8244734e-01
   6.8460647e-01
   6.8705344e-01
   6.8978175e-01
   6.9278673e-01
   6.9606518e-01
   6.9961345e-01
   7.0342961e-01
   7.0751213e-01
   7.1186068e-01
   7.1647072e-01
   7.2134788e-01
   7.2524404e-01
   7.2815920e-01
   7.3009336e-01
   7.3104653e-01
   7.3101869e-01
   7.3000985e-01
   7.2802001e-01
   7.2504917e-01
   7.2109733e-01
   7.1616449e-01
   7.1151600e-01
   7.0715335e-01
   7.0307762e-01
   6.9928887e-01
   6.9578607e-01
   6.9256794e-01
   6.8963342e-01
   6.8698016e-01
   6.8460711e-01
   6.8251120e-01
   6.8069117e-01
   6.7914618e-01
   6.7787455e-01
   6.7687568e-01
   6.7614954e-01
   6.7569668e-01
   6.7551862e-01
   6.7561639e-01
   6.7599197e-01
   6.7665676e-01
   6.7762278e-01
   6.7889902e-01
   6.8048582e-01
   6.8237369e-01
   6.8455282e-01
   6.8701712e-01
   6.8976247e-01
   6.9278384e-01
   6.9607700e-01
   6.9963860e-01
   7.0346883e-01
   7.0756360e-01
   7.1192284e-01
   7.1654649e-01
   7.2143582e-01
   7.2534415e-01
   7.2827148e-01
   7.3021781e-01
   7.3118314e-01
   7.3116747e-01
   7.3017080e-01
   7.2819313e-01
   7.2523446e-01
   7.2129479e-01
   7.1637412e-01
   7.1173385e-01
   7.0737803e-01
   7.0330782e-01
   6.9952036e-01
   6.9601816e-01
   6.9280111e-01
   6.8986870e-01
   6.8721761e-01
   6.8484469e-01
   6.8274903e-01
   6.8092886e-01
   6.7938205e-01
   6.7810707e-01
   6.7710412e-01
   6.7637393e-01
   6.7591616e-01
   6.7573193e-01
   6.7582288e-01
   6.7619107e-01
   6.7684765e-01
   6.7780478e-01
   6.7907198e-01
   6.8065021e-01
   6.8252846e-01
   6.8469893e-01
   6.8715629e-01
   6.8989505e-01
   6.9291083e-01
   6.9619863e-01
   6.9975613e-01
   7.0357587e-01
   7.0766183e-01
   7.1201314e-01
   7.1662863e-01
   7.2150965e-01
   7.2540967e-01
   7.2832869e-01
   7.3026671e-01
   7.3122373e-01
   7.3119975e-01
   7.3019477e-01
   7.2820879e-01
   7.2524180e-01
   7.2129382e-01
   7.1636484e-01
   7.1171926e-01
   7.0735865e-01
   7.0328376e-01
   6.9949457e-01
   6.9599206e-01
   6.9277375e-01
   6.8983830e-01
   6.8718412e-01
   6.8480970e-01
   6.8271270e-01
   6.8089140e-01
   6.7932995e-01
   6.7804458e-01
   6.7703395e-01
   6.7629659e-01
   6.7583535e-01
   6.7564864e-01
   6.7573801e-01
   6.7610735e-01
   6.7676526e-01
   6.7772437e-01
   6.7899411e-01
   6.8057486e-01
   6.8245695e-01
   6.8463109e-01
   6.8709169e-01
   6.8983355e-01
   6.9285215e-01
   6.9614263e-01
   6.9970163e-01
   7.0352767e-01
   7.0761917e-01
   7.1197536e-01
   7.1659135e-01
   7.2147302e-01
   7.2537369e-01
   7.2829335e-01
   7.3023202e-01
   7.3118968e-01
   7.3116635e-01
   7.3016202e-01
   7.2817668e-01
   7.2521035e-01
   7.2126302e-01
   7.1633468e-01
   7.1168979e-01
   7.0734600e-01
   7.0328831e-01
   6.9951474e-01
   6.9602645e-01
   6.9282122e-01
   6.8989654e-01
   6.8725319e-01
   6.8487050e-01
   6.8276729e-01
   6.8094018e-01
   6.7938827e-01
   6.7811306e-01
   6.7710940e-01
   6.7637773e-01
   6.7592049e-01
   6.7566945e-01
   6.7570298e-01
   6.7602600e-01
   6.7664599e-01
   6.7757453e-01
   6.7882051e-01
   6.8038000e-01
   6.8224165e-01
   6.8439761e-01
   6.8683685e-01
   6.8955870e-01
   6.9255976e-01
   6.9583536e-01
   6.9938212e-01
   7.0319836e-01
   7.0728235e-01
   7.1163246e-01
   7.1624882e-01
   7.2113117e-01
   7.2503253e-01
   7.2795288e-01
   7.2989224e-01
   7.3085060e-01
   7.3082795e-01
   7.2982431e-01
   7.2783966e-01
   7.2487402e-01
   7.2092737e-01
   7.1599973e-01
   7.1135645e-01
   7.0699906e-01
   7.0292866e-01
   6.9914469e-01
   6.9564675e-01
   6.9243353e-01
   6.8950395e-01
   6.8685873e-01
   6.8449276e-01
   6.8240409e-01
   6.8059158e-01
   6.7905336e-01
   6.7778820e-01
   6.7679471e-01
   6.7607380e-01
   6.7562913e-01
   6.7546215e-01
   6.7556990e-01
   6.7595445e-01
   6.7662670e-01
   6.7759930e-01
   6.7888139e-01
   6.8047359e-01
   6.8236634e-01
   6.8455038e-01
   6.8701915e-01
   6.8976853e-01
   6.9279280e-01
   6.9608852e-01
   6.9965254e-01
   7.0348400e-01
   7.0758180e-01
   7.1194361e-01
   7.1656469e-01
   7.2144966e-01
   7.2535363e-01
   7.2827660e-01
   7.3021857e-01
   7.3117954e-01
   7.3115951e-01
   7.3015848e-01
   7.2817645e-01
   7.2521342e-01
   7.2126939e-01
   7.1634436e-01
   7.1170247e-01
   7.0734529e-01
   7.0327374e-01
   6.9948812e-01
   6.9598888e-01
   6.9277355e-01
   6.8984207e-01
   6.8719144e-01
   6.8482036e-01
   6.8272778e-01
   6.8091031e-01
   6.7936617e-01
   6.7809450e-01
   6.7715118e-01
   6.7647231e-01
   6.7605884e-01
   6.7591226e-01
   6.7587916e-01
   6.7614231e-01
   6.7671056e-01
   6.7759491e-01
   6.7880338e-01
   6.8032756e-01
   6.8215762e-01
   6.8428639e-01
   6.8670424e-01
   6.8940705e-01
   6.9239108e-01
   6.9565141e-01
   6.9918575e-01
   7.0299158e-01
   7.0706649e-01
   7.1141224e-01
   7.1602729e-01
   7.2090949e-01
   7.2481070e-01
   7.2773091e-01
   7.2967011e-01
   7.3062832e-01
   7.3060553e-01
   7.2960173e-01
   7.2761694e-01
   7.2465115e-01
   7.2070435e-01
   7.1577656e-01
   7.1113382e-01
   7.0677762e-01
   7.0270890e-01
   6.9892803e-01
   6.9543413e-01
   6.9222561e-01
   6.8930105e-01
   6.8662793e-01
   6.8423853e-01
   6.8213096e-01
   6.8030284e-01
   6.7875096e-01
   6.7747520e-01
   6.7647485e-01
   6.7574969e-01
   6.7530010e-01
   6.7512698e-01
   6.7523174e-01
   6.7561624e-01
   6.7629576e-01
   6.7727792e-01
   6.7857190e-01
   6.8017464e-01
   6.8207628e-01
   6.8426906e-01
   6.8674639e-01
   6.8950290e-01
   6.9253575e-01
   6.9583925e-01
   6.9941089e-01
   7.0325114e-01
   7.0735574e-01
   7.1172435e-01
   7.1635579e-01
   7.2125142e-01
   7.2516605e-01
   7.2809967e-01
   7.3005230e-01
   7.3102393e-01
   7.3101456e-01
   7.3002418e-01
   7.2805281e-01
   7.2510044e-01
   7.2116707e-01
   7.1625269e-01
   7.1162081e-01
   7.0727300e-01
   7.0321017e-01
   6.9942981e-01
   6.9593620e-01
   6.9272769e-01
   6.8980300e-01
   6.8715924e-01
   6.8479243e-01
   6.8270283e-01
   6.8088801e-01
   6.7934632e-01
   6.7807660e-01
   6.7707832e-01
   6.7635087e-01
   6.7589611e-01
   6.7571464e-01
   6.7580809e-01
   6.7615083e-01
   6.7678583e-01
   6.7772550e-01
   6.7897845e-01
   6.8054637e-01
   6.8241599e-01
   6.8457971e-01
   6.8702986e-01
   6.8976111e-01
   6.9277015e-01
   6.9605284e-01
   6.9960716e-01
   7.0342869e-01
   7.0751651e-01
   7.1187001e-01
   7.1648623e-01
   7.2136800e-01
   7.2526878e-01
   7.2818855e-01
   7.3012732e-01
   7.3108509e-01
   7.3106187e-01
   7.3005764e-01
   7.2807241e-01
   7.2510619e-01
   7.2115896e-01
   7.1623073e-01
   7.1158625e-01
   7.0722705e-01
   7.0315388e-01
   6.9936784e-01
   6.9586841e-01
   6.9265329e-01
   6.8972125e-01
   6.8703160e-01
   6.8462732e-01
   6.8250455e-01
   6.8066118e-01
   6.7909625e-01
   6.7780721e-01
   6.7679336e-01
   6.7615626e-01
   6.7578392e-01
   6.7567416e-01
   6.7583276e-01
   6.7625836e-01
   6.7696238e-01
   6.7795813e-01
   6.7925529e-01
   6.8085963e-01
   6.8276279e-01
   6.8495634e-01
   6.8743424e-01
   6.9018962e-01
   6.9321818e-01
   6.9651655e-01
   7.0008157e-01
   7.0391151e-01
   7.0800807e-01
   7.1236654e-01
   7.1698756e-01
   7.2187036e-01
   7.2577217e-01
   7.2869297e-01
   7.3063278e-01
   7.3159158e-01
   7.3156939e-01
   7.3056619e-01
   7.2858200e-01
   7.2561680e-01
   7.2167061e-01
   7.1674341e-01
   7.1209836e-01
   7.0773709e-01
   7.0366020e-01
   6.9986839e-01
   6.9636081e-01
   6.9313632e-01
   6.9019395e-01
   6.8753214e-01
   6.8514912e-01
   6.8304293e-01
   6.8121192e-01
   6.7965397e-01
   6.7836830e-01
   6.7735552e-01
   6.7661445e-01
   6.7614573e-01
   6.7595049e-01
   6.7603288e-01
   6.7639216e-01
   6.7703881e-01
   6.7798561e-01
   6.7924118e-01
   6.8080737e-01
   6.8267522e-01
   6.8483682e-01
   6.8728591e-01
   6.9001692e-01
   6.9302304e-01
   6.9630191e-01
   6.9985105e-01
   7.0366877e-01
   7.0775346e-01
   7.1210329e-01
   7.1672027e-01
   7.2160110e-01
   7.2550093e-01
   7.2841976e-01
   7.3035758e-01
   7.3131441e-01
   7.3129024e-01
   7.3028507e-01
   7.2829890e-01
   7.2533173e-01
   7.2138356e-01
   7.1645439e-01
   7.1180839e-01
   7.0744715e-01
   7.0337140e-01
   6.9958156e-01
   6.9607879e-01
   6.9285920e-01
   6.8992386e-01
   6.8727030e-01
   6.8489668e-01
   6.8280017e-01
   6.8097888e-01
   6.7943133e-01
   6.7815600e-01
   6.7715231e-01
   6.7642486e-01
   6.7596915e-01
   6.7578862e-01
   6.7584869e-01
   6.7618983e-01
   6.7682310e-01
   6.7776092e-01
   6.7901250e-01
   6.8057548e-01
   6.8242615e-01
   6.8457135e-01
   6.8700479e-01
   6.8972098e-01
   6.9271548e-01
   6.9598455e-01
   6.9952534e-01
   7.0333514e-01
   7.0741325e-01
   7.1175861e-01
   7.1636998e-01
   7.2123380e-01
   7.2511663e-01
   7.2801845e-01
   7.2993927e-01
   7.3087909e-01
   7.3083791e-01
   7.2981574e-01
   7.2781256e-01
   7.2482838e-01
   7.2086320e-01
   7.1591702e-01
   7.1125709e-01
   7.0688481e-01
   7.0280083e-01
   6.9900526e-01
   6.9549795e-01
   6.9227708e-01
   6.8934087e-01
   6.8668849e-01
   6.8431863e-01
   6.8222783e-01
   6.8041413e-01
   6.7887815e-01
   6.7761688e-01
   6.7662721e-01
   6.7591058e-01
   6.7546980e-01
   6.7530324e-01
   6.7541244e-01
   6.7580254e-01
   6.7648141e-01
   6.7746109e-01
   6.7875048e-01
   6.8034868e-01
   6.8224642e-01
   6.8443528e-01
   6.8691014e-01
   6.8966529e-01
   6.9268739e-01
   6.9598104e-01
   6.9954353e-01
   7.0337331e-01
   7.0746971e-01
   7.1183044e-01
   7.1645472e-01
   7.2134287e-01
   7.2525003e-01
   7.2817619e-01
   7.3012134e-01
   7.3108550e-01
   7.3106866e-01
   7.3007081e-01
   7.2809197e-01
   7.2513213e-01
   7.2119129e-01
   7.1626944e-01
   7.1163067e-01
   7.0727654e-01
   7.0320615e-01
   6.9942146e-01
   6.9592341e-01
   6.9270976e-01
   6.8977845e-01
   6.8712715e-01
   6.8475526e-01
   6.8265981e-01
   6.8084012e-01
   6.7929432e-01
   6.7802122e-01
   6.7702027e-01
   6.7637306e-01
   6.7598790e-01
   6.7586641e-01
   6.7601070e-01
   6.7642273e-01
   6.7711413e-01
   6.7809772e-01
   6.7938363e-01
   6.8096415e-01
   6.8284523e-01
   6.8501867e-01
   6.8747674e-01
   6.9021539e-01
   6.9322885e-01
   6.9650996e-01
   7.0005959e-01
   7.0387731e-01
   7.0796035e-01
   7.1230807e-01
   7.1692288e-01
   7.2180083e-01
   7.2569779e-01
   7.2861375e-01
   7.3054870e-01
   7.3150266e-01
   7.3147561e-01
   7.3046757e-01
   7.2847853e-01
   7.2550848e-01
   7.2155744e-01
   7.1662539e-01
   7.1197627e-01
   7.0761166e-01
   7.0353267e-01
   6.9973919e-01
   6.9623044e-01
   6.9300641e-01
   6.9006119e-01
   6.8739808e-01
   6.8501441e-01
   6.8290826e-01
   6.8107931e-01
   6.7952450e-01
   6.7824417e-01
   6.7723485e-01
   6.7649720e-01
   6.7603217e-01
   6.7584295e-01
   6.7592882e-01
   6.7629186e-01
   6.7694266e-01
   6.7789395e-01
   6.7915481e-01
   6.8072742e-01
   6.8260097e-01
   6.8476754e-01
   6.8722129e-01
   6.8995665e-01
   6.9296830e-01
   6.9625229e-01
   6.9980521e-01
   7.0361228e-01
   7.0768625e-01
   7.1202711e-01
   7.1663458e-01
   7.2150978e-01
   7.2540398e-01
   7.2831718e-01
   7.3024938e-01
   7.3120058e-01
   7.3117078e-01
   7.3015998e-01
   7.2816818e-01
   7.2519538e-01
   7.2124158e-01
   7.1630678e-01
   7.1165659e-01
   7.0729199e-01
   7.0321483e-01
   6.9942321e-01
   6.9591741e-01
   6.9269639e-01
   6.8975870e-01
   6.8710303e-01
   6.8472731e-01
   6.8263042e-01
   6.8080957e-01
   6.7926290e-01
   6.7799013e-01
   6.7698963e-01
   6.7626092e-01
   6.7580908e-01
   6.7562900e-01
   6.7572331e-01
   6.7609516e-01
   6.7675531e-01
   6.7771640e-01
   6.7898652e-01
   6.8056714e-01
   6.8244774e-01
   6.8462145e-01
   6.8708063e-01
   6.8982123e-01
   6.9283743e-01
   6.9612598e-01
   6.9968478e-01
   7.0350295e-01
   7.0758766e-01
   7.1193858e-01
   7.1655619e-01
   7.2143828e-01
   7.2533937e-01
   7.2825945e-01
   7.3019854e-01
   7.3115663e-01
   7.3113371e-01
   7.3012980e-01
   7.2814489e-01
   7.2517897e-01
   7.2123206e-01
   7.1630415e-01
   7.1165974e-01
   7.0730039e-01
   7.0322684e-01
   6.9943888e-01
   6.9593631e-01
   6.9271923e-01
   6.8978809e-01
   6.8713732e-01
   6.8476619e-01
   6.8267353e-01
   6.8085625e-01
   6.7931194e-01
   6.7804096e-01
   6.7704177e-01
   6.7631441e-01
   6.7585948e-01
   6.7567810e-01
   6.7577480e-01
   6.7614831e-01
   6.7680984e-01
   6.7777153e-01
   6.7904288e-01
   6.8062392e-01
   6.8250638e-01
   6.8468074e-01
   6.8714040e-01
   6.8988125e-01
   6.9289882e-01
   6.9618826e-01
   6.9974731e-01
   7.0357261e-01
   7.0766442e-01
   7.1202068e-01
   7.1664139e-01
   7.2152681e-01
   7.2543124e-01
   7.2835466e-01
   7.3029709e-01
   7.3125852e-01
   7.3123894e-01
   7.3023837e-01
   7.2825680e-01
   7.2529422e-01
   7.2135065e-01
   7.1642607e-01
   7.1178434e-01
   7.0742706e-01
   7.0335498e-01
   6.9956852e-01
   6.9606844e-01
   6.9285285e-01
   6.8992017e-01
   6.8726909e-01
   6.8489684e-01
   6.8280330e-01
   6.8098311e-01
   6.7943619e-01
   6.7816139e-01
   6.7715820e-01
   6.7642617e-01
   6.7596645e-01
   6.7578319e-01
   6.7587462e-01
   6.7624622e-01
   6.7691446e-01
   6.7788068e-01
   6.7914469e-01
   6.8072022e-01
   6.8259577e-01
   6.8476391e-01
   6.8721896e-01
   6.8995548e-01
   6.9296768e-01
   6.9625216e-01
   6.9980589e-01
   7.0361568e-01
   7.0769205e-01
   7.1203499e-01
   7.1664446e-01
   7.2151928e-01
   7.2541309e-01
   7.2832591e-01
   7.3025772e-01
   7.3120854e-01
   7.3117835e-01
   7.3016717e-01
   7.2817499e-01
   7.2520180e-01
   7.2124762e-01
   7.1631243e-01
   7.1166180e-01
   7.0729677e-01
   7.0321806e-01
   6.9942703e-01
   6.9592264e-01
   6.9270334e-01
   6.8976726e-01
   6.8711203e-01
   6.8473809e-01
   6.8264198e-01
   6.8082185e-01
   6.7927576e-01
   6.7800255e-01
   6.7700160e-01
   6.7627293e-01
   6.7581989e-01
   6.7564041e-01
   6.7573611e-01
   6.7611233e-01
   6.7677993e-01
   6.7774703e-01
   6.7902271e-01
   6.8060413e-01
   6.8248691e-01
   6.8466257e-01
   6.8712344e-01
   6.8986543e-01
   6.9288284e-01
   6.9617219e-01
   6.9973047e-01
   7.0355613e-01
   7.0764851e-01
   7.1200544e-01
   7.1662580e-01
   7.2146487e-01
   7.2532294e-01
   7.2820001e-01
   7.3009609e-01
   7.3101116e-01
   7.3094523e-01
   7.2989830e-01
   7.2787037e-01
   7.2486144e-01
   7.2087151e-01
   7.1590058e-01
   7.1121809e-01
   7.0682537e-01
   7.0272334e-01
   6.9891078e-01
   6.9538800e-01
   6.9215449e-01
   6.8920763e-01
   6.8654590e-01
   6.8416726e-01
   6.8206940e-01
   6.8025021e-01
   6.7870661e-01
   6.7743843e-01
   6.7644425e-01
   6.7572721e-01
   6.7528773e-01
   6.7512350e-01
   6.7523998e-01
   6.7563633e-01
   6.7632546e-01
   6.7731537e-01
   6.7861495e-01
   6.8022217e-01
   6.8212842e-01
   6.8432644e-01
   6.8680841e-01
   6.8957022e-01
   6.9260616e-01
   6.9591222e-01
   6.9948574e-01
   7.0332619e-01
   7.0743461e-01
   7.1180544e-01
   7.1643925e-01
   7.2133553e-01
   7.2525081e-01
   7.2818510e-01
   7.3013838e-01
   7.3111066e-01
   7.3110194e-01
   7.3011223e-01
   7.2814151e-01
   7.2518979e-01
   7.2125707e-01
   7.1634335e-01
   7.1171180e-01
   7.0737973e-01
   7.0333103e-01
   6.9956582e-01
   6.9608430e-01
   6.9288487e-01
   6.8996601e-01
   6.8732872e-01
   6.8496984e-01
   6.8288430e-01
   6.8107243e-01
   6.7953247e-01
   6.7826532e-01
   6.7727046e-01
   6.7660737e-01
   6.7620689e-01
   6.7607064e-01
   6.7620078e-01
   6.7659993e-01
   6.7727833e-01
   6.7824928e-01
   6.7952249e-01
   6.8110434e-01
   6.8298676e-01
   6.8516179e-01
   6.8762099e-01
   6.9036025e-01
   6.9337551e-01
   6.9666153e-01
   7.0021539e-01
   7.0403520e-01
   7.0811147e-01
   7.1245197e-01
   7.1705749e-01
   7.2192791e-01
   7.2581734e-01
   7.2872577e-01
   7.3065320e-01
   7.3159962e-01
   7.3156505e-01
   7.3054948e-01
   7.2855291e-01
   7.2557534e-01
   7.2161676e-01
   7.1667719e-01
   7.1202104e-01
   7.0764989e-01
   7.0356485e-01
   6.9976551e-01
   6.9625150e-01
   6.9302178e-01
   6.9007480e-01
   6.8741167e-01
   6.8497401e-01
   6.8282090e-01
   6.8094903e-01
   6.7935631e-01
   6.7804518e-01
   6.7701055e-01
   6.7625107e-01
   6.7577135e-01
   6.7557013e-01
   6.7564748e-01
   6.7600688e-01
   6.7665781e-01
   6.7761219e-01
   6.7887926e-01
   6.8045530e-01
   6.8233349e-01
   6.8450432e-01
   6.8696045e-01
   6.8969847e-01
   6.9271264e-01
   6.9599951e-01
   6.9955547e-01
   7.0338076e-01
   7.0747148e-01
   7.1182885e-01
   7.1645023e-01
   7.2133596e-01
   7.2524070e-01
   7.2816443e-01
   7.3010716e-01
   7.3106890e-01
   7.3104963e-01
   7.3004936e-01
   7.2806809e-01
   7.2510583e-01
   7.2116256e-01
   7.1623829e-01
   7.1159742e-01
   7.0724147e-01
   7.0317121e-01
   6.9938686e-01
   6.9588904e-01
   6.9267579e-01
   6.8974496e-01
   6.8709529e-01
   6.8472612e-01
   6.8263958e-01
   6.8082791e-01
   6.7928856e-01
   6.7802118e-01
   6.7702393e-01
   6.7630193e-01
   6.7585239e-01
   6.7567874e-01
   6.7577920e-01
   6.7615694e-01
   6.7682146e-01
   6.7778555e-01
   6.7906002e-01
   6.8064542e-01
   6.8253165e-01
   6.8471047e-01
   6.8717417e-01
   6.8991861e-01
   6.9293804e-01
   6.9622898e-01
   6.9978833e-01
   7.0361516e-01
   7.0770798e-01
   7.1206496e-01
   7.1668513e-01
   7.2156881e-01
   7.2547150e-01
   7.2839319e-01
   7.3033387e-01
   7.3129356e-01
   7.3127225e-01
   7.3026993e-01
   7.2828662e-01
   7.2532231e-01
   7.2137699e-01
   7.1645068e-01
   7.1180731e-01
   7.0746427e-01
   7.0340438e-01
   6.9962884e-01
   6.9613464e-01
   6.9292389e-01
   6.8999471e-01
   6.8734733e-01
   6.8497806e-01
   6.8288508e-01
   6.8106657e-01
   6.7952077e-01
   6.7824653e-01
   6.7724335e-01
   6.7651134e-01
   6.7605114e-01
   6.7586099e-01
   6.7594622e-01
   6.7631182e-01
   6.7696508e-01
   6.7791820e-01
   6.7918032e-01
   6.8061044e-01
   6.8235326e-01
   6.8440188e-01
   6.8674722e-01
   6.8938547e-01
   6.9231106e-01
   6.9551850e-01
   6.9900580e-01
   7.0277251e-01
   7.0681379e-01
   7.1112869e-01
   7.1571639e-01
   7.2057684e-01
   7.2445629e-01
   7.2735473e-01
   7.2927218e-01
   7.3020863e-01
   7.3016408e-01
   7.2913853e-01
   7.2713197e-01
   7.2414442e-01
   7.2017587e-01
   7.1522632e-01
   7.1056531e-01
   7.0619417e-01
   7.0211342e-01
   6.9832259e-01
   6.9482263e-01
   6.9161082e-01
   6.8868559e-01
   6.8604542e-01
   6.8368796e-01
   6.8161136e-01
   6.7981319e-01
   6.7828991e-01
   6.7704593e-01
   6.7607656e-01
   6.7546665e-01
   6.7512175e-01
   6.7504338e-01
   6.7523086e-01
   6.7568806e-01
   6.7642479e-01
   6.7745362e-01
   6.7878406e-01
   6.8041983e-01
   6.8234426e-01
   6.8455003e-01
   6.8704050e-01
   6.8980939e-01
   6.9285112e-01
   6.9616420e-01
   6.9974366e-01
   7.0358667e-01
   7.0769141e-01
   7.1205813e-01
   7.1668659e-01
   7.2157835e-01
   7.2548911e-01
   7.2841887e-01
   7.3036763e-01
   7.3133538e-01
   7.3132214e-01
   7.3032790e-01
   7.2835266e-01
   7.2539642e-01
   7.2145918e-01
   7.1654093e-01
   7.1190467e-01
   7.0755199e-01
   7.0348309e-01
   6.9969863e-01
   6.9619861e-01
   6.9298233e-01
   6.9004884e-01
   6.8739810e-01
   6.8502583e-01
   6.8292976e-01
   6.8110831e-01
   6.7955968e-01
   6.7828275e-01
   6.7727562e-01
   6.7653996e-01
   6.7607639e-01
   6.7588605e-01
   6.7585960e-01
   6.7613055e-01
   6.7670554e-01
   6.7759796e-01
   6.7881358e-01
   6.8034500e-01
   6.8218164e-01
   6.8431661e-01
   6.8674134e-01
   6.8945148e-01
   6.9244121e-01
   6.9570718e-01
   6.9924608e-01
   7.0305736e-01
   7.0713682e-01
   7.1148042e-01
   7.1609348e-01
   7.2097373e-01
   7.2487297e-01
   7.2779121e-01
   7.2972845e-01
   7.3068470e-01
   7.3065994e-01
   7.2965418e-01
   7.2766743e-01
   7.2469967e-01
   7.2075091e-01
   7.1582116e-01
   7.1117650e-01
   7.0683549e-01
   7.0278012e-01
   6.9901153e-01
   6.9552902e-01
   6.9233170e-01
   6.8941685e-01
   6.8678286e-01
   6.8442918e-01
   6.8235381e-01
   6.8055341e-01
   6.7902821e-01
   6.7777472e-01
   6.7676760e-01
   6.7603357e-01
   6.7557709e-01
   6.7539733e-01
   6.7547123e-01
   6.7569139e-01
   6.7622745e-01
   6.7708990e-01
   6.7828345e-01
   6.7979461e-01
   6.8161574e-01
   6.8373775e-01
   6.8615005e-01
   6.8885049e-01
   6.9183267e-01
   6.9509326e-01
   6.9862872e-01
   7.0243711e-01
   7.0651124e-01
   7.1085747e-01
   7.1547358e-01
   7.2035907e-01
   7.2426357e-01
   7.2718707e-01
   7.2912956e-01
   7.3009106e-01
   7.3007155e-01
   7.2907105e-01
   7.2708955e-01
   7.2412704e-01
   7.2018354e-01
   7.1525904e-01
   7.1062083e-01
   7.0627032e-01
   7.0220809e-01
   6.9843520e-01
   6.9495006e-01
   6.9175173e-01
   6.8883812e-01
   6.8620775e-01
   6.8385915e-01
   6.8178949e-01
   6.7999673e-01
   6.7839722e-01
   6.7708229e-01
   6.7605319e-01
   6.7530651e-01
   6.7484113e-01
   6.7465743e-01
   6.7475631e-01
   6.7501568e-01
   6.7559154e-01
   6.7649405e-01
   6.7772420e-01
   6.7925647e-01
   6.8109614e-01
   6.8323453e-01
   6.8566627e-01
   6.8838443e-01
   6.9138393e-01
   6.9466124e-01
   6.9821411e-01
   7.0203854e-01
   7.0613350e-01
   7.1049817e-01
   7.1513102e-01
   7.2003211e-01
   7.2395221e-01
   7.2689130e-01
   7.2884940e-01
   7.2982649e-01
   7.2982258e-01
   7.2883768e-01
   7.2687177e-01
   7.2392487e-01
   7.1999696e-01
   7.1508806e-01
   7.1046460e-01
   7.0612801e-01
   7.0207918e-01
   6.9831792e-01
   6.9484340e-01
   6.9165622e-01
   6.8875445e-01
   6.8613635e-01
   6.8379833e-01
   6.8174093e-01
   6.7996002e-01
   6.7845293e-01
   6.7721839e-01
   6.7625700e-01
   6.7556980e-01
   6.7515595e-01
   6.7501485e-01
   6.7514932e-01
   6.7556143e-01
   6.7626421e-01
   6.7726622e-01
   6.7857591e-01
   6.8019307e-01
   6.8210948e-01
   6.8429628e-01
   6.8676912e-01
   6.8952151e-01
   6.9254908e-01
   6.9584893e-01
   6.9943381e-01
   7.0328388e-01
   7.0739736e-01
   7.1177273e-01
   7.1641078e-01
   7.2131077e-01
   7.2522975e-01
   7.2816773e-01
   7.3012472e-01
   7.3110070e-01
   7.3109569e-01
   7.3010967e-01
   7.2814266e-01
   7.2519464e-01
   7.2126563e-01
   7.1635561e-01
   7.1172739e-01
   7.0738259e-01
   7.0332220e-01
   6.9953557e-01
   6.9603392e-01
   6.9281782e-01
   6.8988587e-01
   6.8723512e-01
   6.8486585e-01
   6.8277640e-01
   6.8096116e-01
   6.7941902e-01
   6.7814854e-01
   6.7714991e-01
   6.7642185e-01
   6.7596568e-01
   6.7578253e-01
   6.7587635e-01
   6.7624661e-01
   6.7689558e-01
   6.7784584e-01
   6.7910636e-01
   6.8067736e-01
   6.8254894e-01
   6.8471330e-01
   6.8716371e-01
   6.8989630e-01
   6.9290509e-01
   6.9618658e-01
   6.9973777e-01
   7.0355677e-01
   7.0764221e-01
   7.1199313e-01
   7.1660999e-01
   7.2149322e-01
   7.2539545e-01
   7.2831668e-01
   7.3025691e-01
   7.3121613e-01
   7.3119436e-01
   7.3019159e-01
   7.2820782e-01
   7.2524305e-01
   7.2129727e-01
   7.1637050e-01
   7.1172695e-01
   7.0736815e-01
   7.0329508e-01
   6.9950030e-01
   6.9599295e-01
   6.9276961e-01
   6.8982965e-01
   6.8717076e-01
   6.8479189e-01
   6.8269305e-01
   6.8087017e-01
   6.7932141e-01
   6.7804914e-01
   6.7705066e-01
   6.7632419e-01
   6.7587114e-01
   6.7569197e-01
   6.7578757e-01
   6.7616004e-01
   6.7682055e-01
   6.7778127e-01
   6.7905171e-01
   6.8063191e-01
   6.8251344e-01
   6.8468831e-01
   6.8714769e-01
   6.8988828e-01
   6.9290581e-01
   6.9619523e-01
   6.9975315e-01
   7.0357763e-01
   7.0766699e-01
   7.1202122e-01
   7.1664018e-01
   7.2152401e-01
   7.2542684e-01
   7.2834867e-01
   7.3028951e-01
   7.3124934e-01
   7.3122817e-01
   7.3022600e-01
   7.2824284e-01
   7.2527867e-01
   7.2133350e-01
   7.1640733e-01
   7.1176422e-01
   7.0740574e-01
   7.0333302e-01
   6.9954599e-01
   6.9604510e-01
   6.9282821e-01
   6.8989552e-01
   6.8724358e-01
   6.8486906e-01
   6.8274336e-01
   6.8089649e-01
   6.7932693e-01
   6.7803263e-01
   6.7701314e-01
   6.7626810e-01
   6.7579799e-01
   6.7560378e-01
   6.7568700e-01
   6.7605131e-01
   6.7670598e-01
   6.7766298e-01
   6.7893121e-01
   6.8051066e-01
   6.8239172e-01
   6.8456505e-01
   6.8702392e-01
   6.8976440e-01
   6.9277967e-01
   6.9606734e-01
   6.9962406e-01
   7.0344931e-01
   7.0753893e-01
   7.1189377e-01
   7.1651375e-01
   7.2139803e-01
   7.2530131e-01
   7.2822358e-01
   7.3016486e-01
   7.3112514e-01
   7.3110442e-01
   7.3010270e-01
   7.2811997e-01
   7.2515625e-01
   7.2121153e-01
   7.1628581e-01
   7.1164344e-01
   7.0728600e-01
   7.0321462e-01
   6.9942933e-01
   6.9593026e-01
   6.9271560e-01
   6.8978367e-01
   6.8713286e-01
   6.8475788e-01
   6.8266256e-01
   6.8084290e-01
   6.7929786e-01
   6.7802870e-01
   6.7703231e-01
   6.7630869e-01
   6.7585925e-01
   6.7568451e-01
   6.7578408e-01
   6.7615997e-01
   6.7682290e-01
   6.7778564e-01
   6.7905725e-01
   6.8062728e-01
   6.8249808e-01
   6.8466144e-01
   6.8711224e-01
   6.8984535e-01
   6.9285550e-01
   6.9613834e-01
   6.9969169e-01
   7.0351245e-01
   7.0759786e-01
   7.1194897e-01
   7.1656455e-01
   7.2144489e-01
   7.2534423e-01
   7.2826257e-01
   7.3019991e-01
   7.3115625e-01
   7.3113159e-01
   7.3012593e-01
   7.2813927e-01
   7.2517161e-01
   7.2122295e-01
   7.1629329e-01
   7.1164731e-01
   7.0728656e-01
   7.0321211e-01
   6.9942365e-01
   6.9592009e-01
   6.9270217e-01
   6.8976734e-01
   6.8711400e-01
   6.8474033e-01
   6.8264579e-01
   6.8082697e-01
   6.7928202e-01
   6.7800974e-01
   6.7700817e-01
   6.7628080e-01
   6.7582605e-01
   6.7564539e-01
   6.7574337e-01
   6.7612167e-01
   6.7678702e-01
   6.7775215e-01
   6.7902614e-01
   6.8060338e-01
   6.8248154e-01
   6.8465235e-01
   6.8710883e-01
   6.8984694e-01
   6.9285014e-01
   6.9612734e-01
   6.9967434e-01
   7.0349074e-01
   7.0757498e-01
   7.1191691e-01
   7.1652532e-01
   7.2139977e-01
   7.2529321e-01
   7.2820566e-01
   7.3013711e-01
   7.3108756e-01
   7.3105701e-01
   7.3004546e-01
   7.2805291e-01
   7.2507936e-01
   7.2112481e-01
   7.1618926e-01
   7.1153821e-01
   7.0717316e-01
   7.0309483e-01
   6.9930324e-01
   6.9579783e-01
   6.9257932e-01
   6.8964517e-01
   6.8699379e-01
   6.8462240e-01
   6.8251580e-01
   6.8068621e-01
   6.7913236e-01
   6.7785401e-01
   6.7684931e-01
   6.7612071e-01
   6.7566587e-01
   6.7548565e-01
   6.7558509e-01
   6.7593690e-01
   6.7658164e-01
   6.7753162e-01
   6.7879739e-01
   6.8037740e-01
   6.8225782e-01
   6.8443086e-01
   6.8689130e-01
   6.8963365e-01
   6.9265241e-01
   6.9594353e-01
   6.9950400e-01
   7.0333201e-01
   7.0742524e-01
   7.1178365e-01
   7.1640611e-01
   7.2129295e-01
   7.2519879e-01
   7.2812362e-01
   7.3006746e-01
   7.3103030e-01
   7.3101213e-01
   7.3001297e-01
   7.2803281e-01
   7.2507164e-01
   7.2112948e-01
   7.1620632e-01
